[plant]
Posadio = Niko
DrogaX = -1064.701660
DrogaY = -1626.483032
DrogaZ = 76.367187
Vreme = 0
