[plant]
Posadio = Niko
DrogaX = -1074.130859
DrogaY = -1627.245483
DrogaZ = 76.367187
Vreme = 0
