[plant]
Posadio = Niko
DrogaX = -1064.928344
DrogaY = -1616.391235
DrogaZ = 76.373939
Vreme = 0
