[plant]
Posadio = Niko
DrogaX = -1074.492309
DrogaY = -1616.026000
DrogaZ = 76.373939
Vreme = 0
