[plant]
Posadio = 
DrogaX = 0.000000
DrogaY = 0.000000
DrogaZ = 0.000000
Vreme = 0
