Name = Idlewood Race
TCPX = 2339.991943
TCPY = -1549.073974
TCPZ = 23.562082
TCPA = 178.4024
Veh = 445
TCPX2 = 2345.147460
TCPY2 = -1550.142700
TCPZ2 = 23.563035
TCPA2 = 180.3190
CPX2 = 2342.520263
CPY2 = -1571.634765
CPZ2 = 23.562780
CPX3 = 2342.459228
CPY3 = -1714.491210
CPZ3 = 13.083782
CPX4 = 2357.359130
CPY4 = -1732.407348
CPZ4 = 13.110008
CPX5 = 2398.468505
CPY5 = -1731.416870
CPZ5 = 13.109893
CPX6 = 2414.019775
CPY6 = -1746.650756
CPZ6 = 13.109889
CPX7 = 2414.142333
CPY7 = -1901.990722
CPZ7 = 13.100117
CPX8 = 2401.704345
CPY8 = -1972.404296
CPZ8 = 13.108308
CPX9 = 2230.704833
CPY9 = -1972.444458
CPZ9 = 13.092150
CPX10 = 2214.249755
CPY10 = -1958.401489
CPZ10 = 13.107086
CPX11 = 2203.829101
CPY11 = -1896.646606
CPZ11 = 13.549289
CPX12 = 2096.233642
CPY12 = -1894.141357
CPZ12 = 13.096591
CPX13 = 2081.614990
CPY13 = -1880.602050
CPZ13 = 13.090495
CPX14 = 2088.019775
CPY14 = -1767.433593
CPZ14 = 13.122257
CPX15 = 2113.214599
CPY15 = -1646.786743
CPZ15 = 17.138967
CPX16 = 2112.450195
CPY16 = -1459.932373
CPZ16 = 23.560808
CPX17 = 2144.343505
CPY17 = -1383.507934
CPZ17 = 23.560724
CPX18 = 2313.256347
CPY18 = -1384.736816
CPZ18 = 23.598331
CPX19 = 2342.572265
CPY19 = -1427.670898
CPZ19 = 23.555225
CPX20 = 2342.475097
CPY20 = -1553.925659
CPZ20 = 23.562253
MaxCP = 20
