Name = Downtown Los Santos
TCPX = 1431.6470
TCPY = -1604.5513
TCPZ = 13.3828
TCPA = 2.2988
Veh = 560
TCPX2 = 1426.8669
TCPY2 = -1605.5463
TCPZ2 = 13.3828
TCPA2 = 358.2255
CPX2 = 1429.204345
CPY2 = -1591.302124
CPZ2 = 13.117670
CPX3 = 1454.263427
CPY3 = -1458.746948
CPZ3 = 13.089267
CPX4 = 1471.648437
CPY4 = -1440.466918
CPZ4 = 13.109907
CPX5 = 1644.057495
CPY5 = -1440.698120
CPZ5 = 13.109899
CPX6 = 1658.116943
CPY6 = -1454.878784
CPZ6 = 13.111104
CPX7 = 1670.472045
CPY7 = -1479.847778
CPZ7 = 13.109871
CPX8 = 1698.928466
CPY8 = -1498.999633
CPZ8 = 13.109889
CPX9 = 1686.124267
CPY9 = -1547.458496
CPZ9 = 13.109896
CPX10 = 1657.935546
CPY10 = -1525.824462
CPZ10 = 13.109889
CPX11 = 1668.777954
CPY11 = -1440.941772
CPZ11 = 13.109895
CPX12 = 1714.470214
CPY12 = -1422.377075
CPZ12 = 13.109892
CPX13 = 1699.966308
CPY13 = -1301.064575
CPZ13 = 13.182965
CPX14 = 1582.906372
CPY14 = -1300.990234
CPZ14 = 17.116094
CPX15 = 1469.494262
CPY15 = -1301.489013
CPZ15 = 13.169541
CPX16 = 1454.962524
CPY16 = -1279.001464
CPZ16 = 13.109984
CPX17 = 1455.070922
CPY17 = -1174.280639
CPZ17 = 23.387004
CPX18 = 1435.181030
CPY18 = -1160.620239
CPZ18 = 23.387207
CPX19 = 1343.236328
CPY19 = -1177.210937
CPZ19 = 22.696445
CPX20 = 1340.723876
CPY20 = -1440.215820
CPZ20 = 13.109909
CPX21 = 1296.754760
CPY21 = -1694.561767
CPZ21 = 13.109914
CPX22 = 1326.593872
CPY22 = -1852.859008
CPZ22 = 13.109909
CPX23 = 1389.288085
CPY23 = -1856.300537
CPZ23 = 13.109913
CPX24 = 1388.605712
CPY24 = -1748.770507
CPZ24 = 13.109899
CPX25 = 1405.856567
CPY25 = -1732.378784
CPZ25 = 13.117671
CPX26 = 1429.744506
CPY26 = -1716.205932
CPZ26 = 13.109995
CPX27 = 1429.583251
CPY27 = -1606.860839
CPZ27 = 13.109869
MaxCP = 27
