Name = Santa Maria Beach Race
TCPX = 367.890625
TCPY = -1807.025512
TCPZ = 7.674208
TCPA = 2.568645
Veh = 451
TCPX2 = 371.498352
TCPY2 = -1806.959106
TCPZ2 = 7.674192
TCPA2 = 0.688418
CPX2 = 369.793701
CPY2 = -1781.999877
CPZ2 = 9.504107
CPX3 = 369.890960
CPY3 = -1663.983886
CPZ3 = 32.453475
CPX4 = 354.299316
CPY4 = -1645.875732
CPZ4 = 32.599609
CPX5 = 243.081420
CPY5 = -1562.926147
CPZ5 = 32.773971
CPX6 = 286.514068
CPY6 = -1489.288696
CPZ6 = 32.362003
CPX7 = 236.185623
CPY7 = -1502.133911
CPZ7 = 21.632930
CPX8 = 174.612442
CPY8 = -1535.377441
CPZ8 = 12.293592
CPX9 = 130.023956
CPY9 = -1584.717895
CPZ9 = 10.458465
CPX10 = 119.278953
CPY10 = -1693.832763
CPZ10 = 9.137724
CPX11 = 170.120208
CPY11 = -1735.925048
CPZ11 = 4.060024
CPX12 = 342.112548
CPY12 = -1746.944091
CPZ12 = 4.159388
CPX13 = 359.496978
CPY13 = -1775.225341
CPZ13 = 4.991658
CPX14 = 460.624664
CPY14 = -1776.983032
CPZ14 = 5.272079
CPX15 = 702.917541
CPY15 = -1804.273803
CPZ15 = 12.193390
CPX16 = 810.336059
CPY16 = -1816.708984
CPZ16 = 12.749243
CPX17 = 810.690429
CPY17 = -1755.168945
CPZ17 = 13.115092
CPX18 = 802.288757
CPY18 = -1629.707519
CPZ18 = 13.109954
CPX19 = 787.872131
CPY19 = -1599.615722
CPZ19 = 13.109871
CPX20 = 772.735778
CPY20 = -1586.183471
CPZ20 = 13.109837
CPX21 = 654.301574
CPY21 = -1585.852905
CPZ21 = 14.745191
CPX22 = 632.000915
CPY22 = -1562.987060
CPZ22 = 15.095243
CPX23 = 612.851379
CPY23 = -1401.360839
CPZ23 = 13.125465
CPX24 = 502.218780
CPY24 = -1451.304565
CPZ24 = 15.501374
CPX25 = 511.455596
CPY25 = -1574.164916
CPZ25 = 15.806579
CPX26 = 534.351989
CPY26 = -1651.519042
CPZ26 = 17.880741
CPX27 = 517.915405
CPY27 = -1666.197753
CPZ27 = 18.258333
CPX28 = 389.217529
CPY28 = -1650.378784
CPZ28 = 31.438098
CPX29 = 370.055236
CPY29 = -1669.386230
CPZ29 = 32.453643
CPX30 = 369.990600
CPY30 = -1830.314208
CPZ30 = 7.398919
CPX31 = 381.987884
CPY31 = -2044.828857
CPZ31 = 7.562087
CPX32 = 355.303466
CPY32 = -2086.106689
CPZ32 = 7.563018
MaxCP = 32
