Name = Blueberry Race
TCPX = 130.439865
TCPY = -197.996932
TCPZ = 1.428649
TCPA = 181.202041
Veh = 567
TCPX2 = 135.187255
TCPY2 = -197.693511
TCPZ2 = 1.429185
TCPA2 = 178.382003
CPX2 = 133.536666
CPY2 = -205.226867
CPZ2 = 1.156299
CPX3 = 152.948684
CPY3 = -211.762695
CPZ3 = 1.158196
CPX4 = 182.708953
CPY4 = -229.809402
CPZ4 = 1.162696
CPX5 = 200.935745
CPY5 = -281.005310
CPZ5 = 1.157753
CPX6 = 232.758728
CPY6 = -246.297897
CPZ6 = 1.157011
CPX7 = 247.849731
CPY7 = -211.837173
CPZ7 = 1.156359
CPX8 = 332.649932
CPY8 = -190.658828
CPZ8 = 0.687776
CPX9 = 351.066223
CPY9 = -95.887008
CPZ9 = 1.058962
CPX10 = 387.991088
CPY10 = -68.349861
CPZ10 = 2.445501
CPX11 = 426.524780
CPY11 = 7.084601
CPZ11 = 6.341872
CPX12 = 510.518737
CPY12 = 51.914237
CPZ12 = 20.151762
CPX13 = 530.460144
CPY13 = 20.353631
CPZ13 = 22.262796
CPX14 = 551.500793
CPY14 = -21.240999
CPZ14 = 27.423784
CPX15 = 601.760559
CPY15 = -72.867866
CPZ15 = 18.614048
CPX16 = 673.193664
CPY16 = -44.580043
CPZ16 = 20.764099
CPX17 = 790.599060
CPY17 = 29.673309
CPZ17 = 67.077941
CPX18 = 870.592773
CPY18 = 26.607240
CPZ18 = 88.315742
CPX19 = 946.525329
CPY19 = -13.156971
CPZ19 = 91.163154
CPX20 = 1091.114013
CPY20 = 2.276282
CPZ20 = 69.972564
CPX21 = 1217.618652
CPY21 = 68.278266
CPZ21 = 24.660419
CPX22 = 1238.049316
CPY22 = 102.663017
CPZ22 = 20.668430
CPX23 = 1246.983764
CPY23 = 191.461532
CPZ23 = 19.134841
CPX24 = 1222.609863
CPY24 = 220.831314
CPZ24 = 19.133260
CPX25 = 1230.917724
CPY25 = 274.356658
CPZ25 = 19.133306
CPX26 = 1190.560791
CPY26 = 305.521789
CPZ26 = 19.119819
CPX27 = 1133.153320
CPY27 = 262.416229
CPZ27 = 23.539957
CPX28 = 1042.773925
CPY28 = 185.196182
CPZ28 = 32.248706
CPX29 = 943.008666
CPY29 = 179.557022
CPZ29 = 31.956422
CPX30 = 837.079467
CPY30 = 219.401931
CPZ30 = 34.764251
CPX31 = 730.302978
CPY31 = 215.421859
CPZ31 = 26.534059
CPX32 = 593.910156
CPY32 = 196.560623
CPZ32 = 20.610273
CPX33 = 521.641052
CPY33 = 140.749649
CPZ33 = 23.540954
CPX34 = 528.493774
CPY34 = -123.090576
CPZ34 = 37.312427
CPX35 = 502.716278
CPY35 = -139.045227
CPZ35 = 36.118515
CPX36 = 319.750122
CPY36 = -141.806518
CPZ36 = 1.154798
CPX37 = 282.955963
CPY37 = -119.786102
CPZ37 = 1.156765
CPX38 = 267.026000
CPY38 = -72.074256
CPZ38 = 1.156932
CPX39 = 132.934570
CPY39 = -87.728889
CPZ39 = 1.156775
CPX40 = 132.968048
CPY40 = -197.551589
CPZ40 = 1.157526
MaxCP = 40
