Name = Palomino Creek Race
TCPX = 2409.106933
TCPY = 43.931770
TCPZ = 26.336034
TCPA = 90.122482
Veh = 400
TCPX2 = 2408.527587
TCPY2 = 38.850444
TCPZ2 = 26.338394
TCPA2 = 92.315856
CPX2 = 2393.471191
CPY2 = 63.400753
CPZ2 = 26.063014
CPX3 = 2363.485107
CPY3 = 91.193923
CPZ3 = 26.134067
CPX4 = 2308.970458
CPY4 = 91.582298
CPZ4 = 26.064083
CPX5 = 2294.398681
CPY5 = 106.541519
CPZ5 = 26.065685
CPX6 = 2267.281494
CPY6 = 142.116333
CPZ6 = 26.062898
CPX7 = 2223.723632
CPY7 = 106.649978
CPZ7 = 26.063114
CPX8 = 2209.148925
CPY8 = 42.126029
CPZ8 = 26.063970
CPX9 = 2145.097900
CPY9 = 44.398601
CPZ9 = 26.063041
CPX10 = 1973.197509
CPY10 = 40.108016
CPZ10 = 32.008846
CPX11 = 1545.847656
CPY11 = 113.865539
CPZ11 = 29.116277
CPX12 = 1520.958129
CPY12 = 119.896507
CPZ12 = 29.843618
CPX13 = 1398.317993
CPY13 = 200.525299
CPZ13 = 19.207172
CPX14 = 1387.359130
CPY14 = 224.531372
CPZ14 = 19.133243
CPX15 = 1416.997070
CPY15 = 288.987030
CPZ15 = 19.224023
CPX16 = 1425.909667
CPY16 = 317.717010
CPZ16 = 18.650758
CPX17 = 1531.713989
CPY17 = 362.619537
CPZ17 = 18.902421
CPX18 = 1581.776855
CPY18 = 373.632324
CPZ18 = 19.950687
CPX19 = 1802.340209
CPY19 = 381.785919
CPZ19 = 18.584905
CPX20 = 2014.105590
CPY20 = 329.727752
CPZ20 = 27.761867
CPX21 = 2096.029785
CPY21 = 248.520355
CPZ21 = 20.244226
CPX22 = 2246.425537
CPY22 = 203.451034
CPZ22 = 16.086809
CPX23 = 2300.123291
CPY23 = 179.365310
CPZ23 = 26.210006
CPX24 = 2294.236083
CPY24 = 114.444801
CPZ24 = 26.064426
CPX25 = 2294.392578
CPY25 = -10.736804
CPZ25 = 26.064842
CPX26 = 2278.214111
CPY26 = -28.394819
CPZ26 = 26.064275
CPX27 = 2223.965087
CPY27 = -53.711563
CPZ27 = 26.063018
CPX28 = 2256.871826
CPY28 = -98.440078
CPZ28 = 26.063014
CPX29 = 2343.844726
CPY29 = -60.209728
CPZ29 = 26.063009
CPX30 = 2373.793212
CPY30 = -28.390129
CPZ30 = 26.063352
CPX31 = 2393.754150
CPY31 = 6.959132
CPZ31 = 26.062946
CPX32 = 2357.614746
CPY32 = 91.599586
CPZ32 = 26.085895
MaxCP = 32
