Name = Fort Carson Race
TCPX = -131.130447
TCPY = 1200.733276
TCPZ = 19.593750
TCPA = 270.041778
Veh = 470
TCPX2 = -130.004348
TCPY2 = 1195.781494
TCPZ2 = 19.583215
TCPA2 = 271.921875
CPX2 = -116.407440
CPY2 = 1198.578613
CPZ2 = 19.320083
CPX3 = -65.247901
CPY3 = 1179.696655
CPZ3 = 19.307344
CPX4 = -65.235069
CPY4 = 1034.252929
CPZ4 = 19.320848
CPX5 = -17.847454
CPY5 = 1027.200439
CPZ5 = 19.320756
CPX6 = -3.556862
CPY6 = 1098.040771
CPZ6 = 19.319120
CPX7 = 3.409355
CPY7 = 1147.889648
CPZ7 = 19.320396
CPX8 = -65.774787
CPY8 = 1164.888793
CPZ8 = 19.317373
CPX9 = -47.373687
CPY9 = 1198.689208
CPZ9 = 18.938087
CPX10 = 104.559776
CPY10 = 1217.812622
CPZ10 = 19.849201
CPX11 = -193.829559
CPY11 = 1240.725830
CPZ11 = 22.146188
CPX12 = -295.727203
CPY12 = 1225.060668
CPZ12 = 19.382482
CPX13 = -387.457092
CPY13 = 1204.352172
CPZ13 = 15.358398
CPX14 = -401.944763
CPY14 = 1215.536987
CPZ14 = 6.717362
CPX15 = -401.619537
CPY15 = 1298.967651
CPZ15 = 10.156940
CPX16 = -452.086242
CPY16 = 1451.572143
CPZ16 = 21.160509
CPX17 = -474.557189
CPY17 = 1540.091796
CPZ17 = 33.431571
CPX18 = -446.873321
CPY18 = 1626.369262
CPZ18 = 35.523990
CPX19 = -381.857025
CPY19 = 1741.158203
CPZ19 = 42.237155
CPX20 = -294.182769
CPY20 = 1778.067626
CPZ20 = 42.414585
MaxCP = 20
