Name = Sanchez Race
TCPX = -2144.377685
TCPY = 305.130187
TCPZ = 35.171875
TCPA = 0.359908
Veh = 468
TCPX2 = -2149.466552
TCPY2 = 304.837402
TCPZ2 = 35.171875
TCPA2 = 357.853332
CPX2 = -2146.932861
CPY2 = 320.758483
CPZ2 = 34.837554
CPX3 = -2148.911865
CPY3 = 446.123779
CPZ3 = 34.683216
CPX4 = -2190.848876
CPY4 = 454.250549
CPZ4 = 34.840084
CPX5 = -2225.859375
CPY5 = 466.927185
CPZ5 = 34.684329
CPX6 = -2258.589843
CPY6 = 508.398864
CPZ6 = 34.685222
CPX7 = -2362.232177
CPY7 = 508.594360
CPZ7 = 29.110826
CPX8 = -2381.463378
CPY8 = 528.406982
CPZ8 = 26.876121
CPX9 = -2385.844970
CPY9 = 648.180480
CPZ9 = 34.684757
CPX10 = -2386.085693
CPY10 = 789.552429
CPZ10 = 34.697635
CPX11 = -2405.828613
CPY11 = 808.059143
CPZ11 = 34.700103
CPX12 = -2513.018066
CPY12 = 807.832397
CPZ12 = 48.934497
CPX13 = -2526.825195
CPY13 = 835.792236
CPZ13 = 49.497734
CPX14 = -2549.041503
CPY14 = 907.911987
CPZ14 = 64.501762
CPX15 = -2594.132324
CPY15 = 906.757324
CPZ15 = 64.497528
CPX16 = -2607.391845
CPY16 = 948.883544
CPZ16 = 73.914146
CPX17 = -2615.253173
CPY17 = 1003.487731
CPZ17 = 77.823036
CPX18 = -2734.719726
CPY18 = 1004.460754
CPZ18 = 54.050212
CPX19 = -2750.445068
CPY19 = 988.629333
CPZ19 = 53.983760
CPX20 = -2750.582031
CPY20 = 838.403625
CPZ20 = 56.565372
CPX21 = -2776.355224
CPY21 = 810.293945
CPZ21 = 50.611217
CPX22 = -2831.260742
CPY22 = 965.891357
CPZ22 = 43.575988
CPX23 = -2853.337646
CPY23 = 1225.335205
CPZ23 = 5.130045
CPX24 = -2624.204589
CPY24 = 1308.489990
CPZ24 = 6.709014
CPX25 = -2473.690429
CPY25 = 1376.763671
CPZ25 = 6.701020
CPX26 = -2455.579345
CPY26 = 1359.178222
CPZ26 = 6.709700
CPX27 = -2454.636474
CPY27 = 1200.119140
CPZ27 = 34.717876
CPX28 = -2377.772949
CPY28 = 1175.981079
CPZ28 = 39.510887
CPX29 = -2366.958984
CPY29 = 1199.216064
CPZ29 = 38.893169
CPX30 = -2366.492675
CPY30 = 1353.344726
CPZ30 = 8.573443
CPX31 = -2366.177734
CPY31 = 1386.645507
CPZ31 = 6.939848
MaxCP = 31
