Name = San Fierro City Race
TCPX = -2664.717529
TCPY = -212.584701
TCPZ = 4.179687
TCPA = 270.049072
Veh = 560
TCPX2 = -2664.564453
TCPY2 = -207.871719
TCPZ2 = 4.179687
TCPA2 = 270.675628
CPX2 = -2654.901855
CPY2 = -210.192810
CPZ2 = 4.025860
CPX3 = -2604.045654
CPY3 = -195.175994
CPZ3 = 3.906753
CPX4 = -2603.816894
CPY4 = -85.315078
CPZ4 = 3.906798
CPX5 = -2591.708984
CPY5 = -70.568321
CPZ5 = 3.907658
CPX6 = -2434.932128
CPY6 = -70.213912
CPZ6 = 34.623390
CPX7 = -2434.347167
CPY7 = -70.203720
CPZ7 = 34.666213
CPX8 = -2371.585937
CPY8 = -56.962902
CPZ8 = 34.899005
CPX9 = -2308.639648
CPY9 = 49.673038
CPZ9 = 34.891223
CPX10 = -2253.541259
CPY10 = 67.379928
CPZ10 = 34.899009
CPX11 = -2238.235839
CPY11 = 208.220993
CPZ11 = 34.898952
CPX12 = -2146.786376
CPY12 = 223.835479
CPZ12 = 34.898983
CPX13 = -2134.660156
CPY13 = 320.355895
CPZ13 = 34.880416
CPX14 = -2006.565185
CPY14 = 331.066650
CPZ14 = 34.736972
CPX15 = -1935.599731
CPY15 = 343.634887
CPZ15 = 32.179534
CPX16 = -1851.181762
CPY16 = 425.901306
CPZ16 = 16.734935
CPX17 = -1898.825195
CPY17 = 586.302490
CPZ17 = 34.657238
CPX18 = -1819.767944
CPY18 = 606.485107
CPZ18 = 34.742733
CPX19 = -1712.916381
CPY19 = 702.207153
CPZ19 = 24.470085
CPX20 = -1667.072143
CPY20 = 731.636596
CPZ20 = 18.511413
CPX21 = -1548.786132
CPY21 = 757.496459
CPZ21 = 6.766161
CPX22 = -1573.114013
CPY22 = 924.865783
CPZ22 = 6.874182
CPX23 = -1727.741210
CPY23 = 936.734802
CPZ23 = 24.469224
CPX24 = -1771.997314
CPY24 = 944.633728
CPZ24 = 24.469287
CPX25 = -1795.083129
CPY25 = 872.234619
CPZ25 = 24.469285
CPX26 = -1855.302612
CPY26 = 849.533996
CPZ26 = 34.765445
CPX27 = -2001.755004
CPY27 = 865.976257
CPZ27 = 45.023948
CPX28 = -2003.996948
CPY28 = 1052.531127
CPZ28 = 55.293029
MaxCP = 28
