Name = Doherty Race
TCPX = -2124.181152
TCPY = -1061.280151
TCPZ = 30.512929
TCPA = 33.263339
Veh = 562
TCPX2 = -2130.102539
TCPY2 = -1064.309936
TCPZ2 = 30.531558
TCPA2 = 29.213359
CPX2 = -2140.115478
CPY2 = -1043.990844
CPZ2 = 31.208410
CPX3 = -2219.370361
CPY3 = -955.353393
CPZ3 = 39.336303
CPX4 = -2239.384765
CPY4 = -722.969726
CPZ4 = 64.792007
CPX5 = -2186.006347
CPY5 = -527.488159
CPZ5 = 47.795310
CPX6 = -2259.085449
CPY6 = -310.050872
CPZ6 = 49.141532
CPX7 = -2276.802978
CPY7 = -190.181579
CPZ7 = 34.898960
CPX8 = -2371.449462
CPY8 = -85.722473
CPZ8 = 34.898960
CPX9 = -2421.674804
CPY9 = -94.607948
CPZ9 = 34.898963
CPX10 = -2502.557617
CPY10 = -210.246429
CPZ10 = 25.195837
CPX11 = -2654.621582
CPY11 = -225.375503
CPZ11 = 4.229249
CPX12 = -2801.977783
CPY12 = -329.072631
CPZ12 = 6.766173
CPX13 = -2781.041015
CPY13 = -489.987152
CPZ13 = 6.911651
CPX14 = -2664.674316
CPY14 = -405.053741
CPZ14 = 32.099197
CPX15 = -2357.344482
CPY15 = -402.049224
CPZ15 = 78.725463
CPX16 = -2320.352050
CPY16 = -450.397888
CPZ16 = 79.621368
CPX17 = -2353.178466
CPY17 = -459.220825
CPZ17 = 79.964508
CPX18 = -2465.647949
CPY18 = -431.538848
CPZ18 = 81.829978
CPX19 = -2621.234375
CPY19 = -479.007476
CPZ19 = 68.947456
CPX20 = -2608.145996
CPY20 = -500.822662
CPZ20 = 72.322731
CPX21 = -2480.942382
CPY21 = -482.846618
CPZ21 = 98.546569
CPX22 = -2398.096191
CPY22 = -635.221313
CPZ22 = 130.894348
CPX23 = -2357.798583
CPY23 = -745.986083
CPZ23 = 99.035224
CPX24 = -2340.087402
CPY24 = -790.590820
CPZ24 = 93.107719
CPX25 = -2268.621093
CPY25 = -758.832214
CPZ25 = 79.109008
CPX26 = -2194.709228
CPY26 = -780.031311
CPZ26 = 61.348819
CPX27 = -2217.664550
CPY27 = -967.580688
CPZ27 = 38.872623
CPX28 = -2137.253173
CPY28 = -1048.591186
CPZ28 = 30.934076
CPX29 = -1988.376464
CPY29 = -1301.716552
CPZ29 = 38.005523
CPX30 = -1909.572998
CPY30 = -1374.258422
CPZ30 = 39.906745
MaxCP = 30
