Name = LS Aero Kruzna
TCPX = 1898.715576
TCPY = -2500.090087
TCPZ = 13.539117
TCPA = 90.154281
Veh = 451
TCPX2 = 1901.084960
TCPY2 = -2487.787109
TCPZ2 = 13.539117
TCPA2 = 90.780990
CPX2 = 1879.458618
CPY2 = -2493.888671
CPZ2 = 13.281764
CPX3 = 1633.317504
CPY3 = -2493.014648
CPZ3 = 13.281808
CPX4 = 1425.313842
CPY4 = -2550.136230
CPZ4 = 13.273964
CPX5 = 1497.146606
CPY5 = -2593.375732
CPZ5 = 13.273983
CPX6 = 1919.688110
CPY6 = -2592.549316
CPZ6 = 13.274004
CPX7 = 2087.009521
CPY7 = -2587.867919
CPZ7 = 13.273971
CPX8 = 2109.210449
CPY8 = -2535.478027
CPZ8 = 13.274062
CPX9 = 2011.795043
CPY9 = -2494.572753
CPZ9 = 13.266201
CPX10 = 1745.148681
CPY10 = -2493.797363
CPZ10 = 13.281799
CPX11 = 1440.202392
CPY11 = -2490.381591
CPZ11 = 13.281749
CPX12 = 1413.663574
CPY12 = -2541.560058
CPZ12 = 13.273970
CPX13 = 1449.854248
CPY13 = -2593.241210
CPZ13 = 13.273939
CPX14 = 1465.065429
CPY14 = -2592.987792
CPZ14 = 13.273973
CPX15 = 1717.871826
CPY15 = -2593.373779
CPZ15 = 13.273998
CPX16 = 1974.712768
CPY16 = -2593.194580
CPZ16 = 13.273996
CPX17 = 2103.042968
CPY17 = -2573.066894
CPZ17 = 13.274010
CPX18 = 2089.459472
CPY18 = -2500.164794
CPZ18 = 13.266188
CPX19 = 1832.584350
CPY19 = -2493.748046
CPZ19 = 13.281798
CPX20 = 1580.990356
CPY20 = -2493.707763
CPZ20 = 13.281807
CPX21 = 1426.800537
CPY21 = -2501.319335
CPZ21 = 13.281765
CPX22 = 1417.580566
CPY22 = -2543.920654
CPZ22 = 13.273955
CPX23 = 1449.042724
CPY23 = -2593.409423
CPZ23 = 13.273962
CPX24 = 1620.381347
CPY24 = -2593.844482
CPZ24 = 13.273996
CPX25 = 1897.467529
CPY25 = -2594.031982
CPZ25 = 13.274003
CPX26 = 2097.191650
CPY26 = -2580.561767
CPZ26 = 13.273992
CPX27 = 2097.144042
CPY27 = -2506.595214
CPZ27 = 13.266196
CPX28 = 1960.975952
CPY28 = -2493.964111
CPZ28 = 13.266212
CPX29 = 1678.498413
CPY29 = -2494.009765
CPZ29 = 13.281757
MaxCP = 29
