Name = LV Aero-kruzna
TCPX = 1484.250732
TCPY = 1595.902221
TCPZ = 10.812500
TCPA = 359.311309
Veh = 411
TCPX2 = 1470.418945
TCPY2 = 1596.236694
TCPZ2 = 10.812500
TCPA2 = 356.491180
CPX2 = 1477.489624
CPY2 = 1627.065429
CPZ2 = 10.539571
CPX3 = 1434.874023
CPY3 = 1731.504638
CPZ3 = 10.547354
CPX4 = 1388.395141
CPY4 = 1622.815307
CPZ4 = 10.539625
CPX5 = 1387.961547
CPY5 = 1377.853515
CPZ5 = 10.547439
CPX6 = 1432.304199
CPY6 = 1257.739990
CPZ6 = 10.547399
CPX7 = 1476.976562
CPY7 = 1343.404052
CPZ7 = 10.553303
CPX8 = 1477.099121
CPY8 = 1556.014648
CPZ8 = 10.539614
CPX9 = 1477.728515
CPY9 = 1637.664428
CPZ9 = 10.539628
CPX10 = 1427.143432
CPY10 = 1731.210937
CPZ10 = 10.547114
CPX11 = 1388.635498
CPY11 = 1669.760986
CPZ11 = 10.547413
CPX12 = 1387.826782
CPY12 = 1493.360717
CPZ12 = 10.547314
CPX13 = 1387.412963
CPY13 = 1367.671875
CPZ13 = 10.547494
CPX14 = 1419.315673
CPY14 = 1259.475341
CPZ14 = 10.547275
CPX15 = 1477.264526
CPY15 = 1376.090942
CPZ15 = 10.547223
CPX16 = 1477.225341
CPY16 = 1515.503662
CPZ16 = 10.551115
CPX17 = 1462.830688
CPY17 = 1718.333129
CPZ17 = 10.539540
CPX18 = 1388.359863
CPY18 = 1671.411743
CPZ18 = 10.547397
CPX19 = 1388.013916
CPY19 = 1456.010864
CPZ19 = 10.547437
CPX20 = 1396.698730
CPY20 = 1278.229980
CPZ20 = 10.547305
CPX21 = 1477.486083
CPY21 = 1320.464721
CPZ21 = 10.547415
CPX22 = 1477.453491
CPY22 = 1513.294311
CPZ22 = 10.551160
CPX23 = 1477.762939
CPY23 = 1642.499633
CPZ23 = 10.539608
CPX24 = 1439.618896
CPY24 = 1732.572021
CPZ24 = 10.547317
CPX25 = 1389.746459
CPY25 = 1620.992919
CPZ25 = 10.539619
CPX26 = 1388.145507
CPY26 = 1404.520141
CPZ26 = 10.547492
CPX27 = 1428.782714
CPY27 = 1260.422119
CPZ27 = 10.547330
CPX28 = 1476.407470
CPY28 = 1355.154907
CPZ28 = 10.552465
CPX29 = 1477.419067
CPY29 = 1566.533447
CPZ29 = 10.539625
CPX30 = 1451.514404
CPY30 = 1728.415405
CPZ30 = 10.547507
CPX31 = 1389.205566
CPY31 = 1591.140136
CPZ31 = 10.539610
CPX32 = 1390.542724
CPY32 = 1288.875488
CPZ32 = 10.547273
CPX33 = 1477.723876
CPY33 = 1361.889038
CPZ33 = 10.549316
CPX34 = 1476.951660
CPY34 = 1594.081542
CPZ34 = 10.539586
CPX35 = 1417.826538
CPY35 = 1727.347900
CPZ35 = 10.547282
CPX36 = 1388.891235
CPY36 = 1612.058349
CPZ36 = 10.539620
CPX37 = 1388.570800
CPY37 = 1415.295288
CPZ37 = 10.547436
CPX38 = 1422.153442
CPY38 = 1260.113037
CPZ38 = 10.547304
CPX39 = 1477.789916
CPY39 = 1356.032470
CPZ39 = 10.548973
CPX40 = 1477.220581
CPY40 = 1520.361328
CPZ40 = 10.546217
CPX41 = 1477.140380
CPY41 = 1801.817626
CPZ41 = 10.539588
MaxCP = 41
