Name = SF Aero Kruzna
TCPX = -1286.349487
TCPY = 197.241516
TCPZ = 14.148437
TCPA = 135.282806
Veh = 415
TCPX2 = -1294.537719
TCPY2 = 207.408157
TCPZ2 = 14.148437
TCPA2 = 134.656127
CPX2 = -1335.615478
CPY2 = 157.259704
CPZ2 = 13.875771
CPX3 = -1512.837036
CPY3 = -20.073228
CPZ3 = 13.875579
CPX4 = -1690.951904
CPY4 = -201.781631
CPZ4 = 13.875513
CPX5 = -1678.740722
CPY5 = -424.266723
CPZ5 = 17.411907
CPX6 = -1510.832031
CPY6 = -583.742553
CPZ6 = 13.872969
CPX7 = -1314.570800
CPY7 = -561.359191
CPZ7 = 13.875533
CPX8 = -1226.290405
CPY8 = -359.010711
CPZ8 = 13.871131
CPX9 = -1276.045288
CPY9 = -184.038192
CPZ9 = 13.875539
CPX10 = -1432.700317
CPY10 = -77.596000
CPZ10 = 13.875523
CPX11 = -1641.566284
CPY11 = -148.676208
CPZ11 = 13.875890
CPX12 = -1705.732910
CPY12 = -327.453002
CPZ12 = 13.875568
CPX13 = -1666.061645
CPY13 = -439.355407
CPZ13 = 19.620121
CPX14 = -1449.010742
CPY14 = -598.756408
CPZ14 = 13.875507
CPX15 = -1241.254394
CPY15 = -455.955627
CPZ15 = 13.875555
CPX16 = -1181.802368
CPY16 = -279.147064
CPZ16 = 13.875526
CPX17 = -1243.682739
CPY17 = -127.168983
CPZ17 = 13.874551
CPX18 = -1359.495117
CPY18 = 39.095798
CPZ18 = 13.877916
CPX19 = -1401.120483
CPY19 = 41.781921
CPZ19 = 14.273927
CPX20 = -1504.523803
CPY20 = -11.770690
CPZ20 = 13.875510
CPX21 = -1665.486328
CPY21 = -171.559799
CPZ21 = 13.875548
CPX22 = -1671.271850
CPY22 = -434.041809
CPZ22 = 18.841995
CPX23 = -1512.109252
CPY23 = -583.669128
CPZ23 = 13.900592
CPX24 = -1276.678222
CPY24 = -554.569335
CPZ24 = 13.875511
CPX25 = -1173.720214
CPY25 = -373.326568
CPZ25 = 13.870899
CPX26 = -1176.006591
CPY26 = -250.514129
CPZ26 = 13.871073
CPX27 = -1295.154418
CPY27 = -38.453186
CPZ27 = 13.875516
CPX28 = -1243.962158
CPY28 = 43.168373
CPZ28 = 13.862817
MaxCP = 28
