Name = Verdant Meadows Race
TCPX = 318.260864
TCPY = 2497.439453
TCPZ = 16.484375
TCPA = 92.724151
Veh = 495
TCPX2 = 318.322753
TCPY2 = 2513.123291
TCPZ2 = 16.590040
TCPA2 = 90.530784
CPX2 = 268.536468
CPY2 = 2503.840332
CPZ2 = 16.838720
CPX3 = 2.143020
CPY3 = 2505.316406
CPZ3 = 16.836706
CPX4 = -159.481338
CPY4 = 2476.101562
CPZ4 = 20.098464
CPX5 = -289.017822
CPY5 = 2519.646972
CPZ5 = 34.750823
CPX6 = -492.259002
CPY6 = 2433.184814
CPZ6 = 53.776470
CPX7 = -685.085876
CPY7 = 2510.720458
CPZ7 = 75.924041
CPX8 = -740.425842
CPY8 = 2646.288330
CPZ8 = 65.076393
CPX9 = -698.905212
CPY9 = 2686.545410
CPZ9 = 56.825927
CPX10 = -773.513366
CPY10 = 2695.544677
CPZ10 = 47.460128
CPX11 = -778.644897
CPY11 = 2715.917236
CPZ11 = 45.650070
CPX12 = -792.196411
CPY12 = 2730.110595
CPZ12 = 45.671615
CPX13 = -1149.326904
CPY13 = 2694.730224
CPZ13 = 46.218376
CPX14 = -1220.666992
CPY14 = 2670.118164
CPZ14 = 46.663043
CPX15 = -1109.183349
CPY15 = 2468.690185
CPZ15 = 81.121986
CPX16 = -1083.847045
CPY16 = 2267.120117
CPZ16 = 87.679756
CPX17 = -1061.885742
CPY17 = 2134.828369
CPZ17 = 87.982421
CPX18 = -1152.459228
CPY18 = 2100.668212
CPZ18 = 85.475265
CPX19 = -1270.315063
CPY19 = 1980.124755
CPZ19 = 60.611091
CPX20 = -1239.530151
CPY20 = 1902.999145
CPZ20 = 42.621356
CPX21 = -1166.874877
CPY21 = 1790.976074
CPZ21 = 40.519763
CPX22 = -976.383544
CPY22 = 1726.482910
CPZ22 = 31.031949
CPX23 = -872.304443
CPY23 = 1638.263671
CPZ23 = 27.336282
CPX24 = -808.721923
CPY24 = 1601.429321
CPZ24 = 27.311820
CPX25 = -783.683654
CPY25 = 1536.755249
CPZ25 = 27.312568
CPX26 = -758.433654
CPY26 = 1511.152587
CPZ26 = 26.006904
CPX27 = -827.468566
CPY27 = 1491.881469
CPZ27 = 18.915140
CPX28 = -849.948791
CPY28 = 1445.751464
CPZ28 = 14.780337
CPX29 = -659.563903
CPY29 = 1224.354858
CPZ29 = 12.577376
CPX30 = -546.191101
CPY30 = 1093.585449
CPZ30 = 11.381020
CPX31 = -371.588439
CPY31 = 976.118652
CPZ31 = 10.569648
CPX32 = -299.202758
CPY32 = 867.334167
CPZ32 = 9.934221
CPX33 = -223.312255
CPY33 = 795.435058
CPZ33 = 19.512954
CPX34 = -114.917892
CPY34 = 806.568908
CPZ34 = 20.901748
CPX35 = -129.754348
CPY35 = 751.824768
CPZ35 = 21.167551
CPX36 = -261.624542
CPY36 = 696.625427
CPZ36 = 22.099983
CPX37 = -216.811599
CPY37 = 631.869567
CPZ37 = 9.702291
CPX38 = -133.795211
CPY38 = 597.888183
CPZ38 = 2.431435
CPX39 = -140.441848
CPY39 = 470.449401
CPZ39 = 12.401169
CPX40 = -199.138732
CPY40 = 247.516281
CPZ40 = 12.419997
MaxCP = 40
