Name = Angel Pine Race
TCPX = -2085.722900
TCPY = -2455.830078
TCPZ = 30.468750
TCPA = 231.538253
Veh = 424
TCPX2 = -2088.389648
TCPY2 = -2459.522949
TCPZ2 = 30.468750
TCPA2 = 223.078201
CPX2 = -2072.054687
CPY2 = -2469.494140
CPZ2 = 30.195835
CPX3 = -2018.212036
CPY3 = -2500.666259
CPZ3 = 32.335689
CPX4 = -1969.333129
CPY4 = -2479.067138
CPZ4 = 30.352294
CPX5 = -1870.104370
CPY5 = -2382.240966
CPZ5 = 32.051139
CPX6 = -1754.758544
CPY6 = -2307.136962
CPZ6 = 44.105579
CPX7 = -1663.875732
CPY7 = -2281.169677
CPZ7 = 39.034343
CPX8 = -1609.685791
CPY8 = -2223.183837
CPZ8 = 25.507097
CPX9 = -1584.201782
CPY9 = -2168.271972
CPZ9 = 16.622764
CPX10 = -1469.597534
CPY10 = -2156.416992
CPZ10 = 2.827625
CPX11 = -1344.397338
CPY11 = -2177.555419
CPZ11 = 21.212333
CPX12 = -1279.386962
CPY12 = -2239.227783
CPZ12 = 22.302413
CPX13 = -1189.824218
CPY13 = -2352.263183
CPZ13 = 19.248981
CPX14 = -1023.862854
CPY14 = -2374.910888
CPZ14 = 58.201263
CPX15 = -952.463623
CPY15 = -2335.540527
CPZ15 = 60.420471
CPX16 = -937.077819
CPY16 = -2185.579833
CPZ16 = 34.956771
CPX17 = -795.259948
CPY17 = -2135.844726
CPZ17 = 24.289880
CPX18 = -833.228271
CPY18 = -2027.133789
CPZ18 = 22.748697
CPX19 = -836.896850
CPY19 = -1921.381835
CPZ19 = 12.167738
CPX20 = -708.271606
CPY20 = -1851.364501
CPZ20 = 13.629848
CPX21 = -669.830871
CPY21 = -1916.243041
CPZ21 = 9.006189
CPX22 = -648.251892
CPY22 = -2020.397705
CPZ22 = 27.732158
CPX23 = -526.049316
CPY23 = -2029.945800
CPZ23 = 51.344745
CPX24 = -444.136688
CPY24 = -1937.508422
CPZ24 = 8.816387
CPX25 = -345.931854
CPY25 = -1912.207275
CPZ25 = 11.276528
CPX26 = -286.916595
CPY26 = -1957.357177
CPZ26 = 26.234594
CPX27 = -276.712615
CPY27 = -2089.408447
CPZ27 = 38.893699
CPX28 = -449.908203
CPY28 = -2186.062500
CPZ28 = 59.853244
CPX29 = -672.790283
CPY29 = -2233.745849
CPZ29 = 11.033484
CPX30 = -685.792419
CPY30 = -2351.037109
CPZ30 = 37.073055
CPX31 = -593.253662
CPY31 = -2384.431884
CPZ31 = 27.524969
CPX32 = -688.010009
CPY32 = -2552.034912
CPZ32 = 52.749759
CPX33 = -747.263122
CPY33 = -2664.427978
CPZ33 = 84.446815
CPX34 = -888.308654
CPY34 = -2665.768554
CPZ34 = 93.878509
CPX35 = -1077.924804
CPY35 = -2675.687255
CPZ35 = 30.681194
CPX36 = -1220.679687
CPY36 = -2636.622558
CPZ36 = 9.529866
CPX37 = -1376.522094
CPY37 = -2626.870361
CPZ37 = 29.523870
CPX38 = -1660.799926
CPY38 = -2615.253173
CPZ38 = 43.356403
CPX39 = -1797.719970
CPY39 = -2478.248046
CPZ39 = 18.055610
CPX40 = -1932.077758
CPY40 = -2443.106933
CPZ40 = 30.352073
CPX41 = -2027.485717
CPY41 = -2501.852539
CPZ41 = 31.756584
CPX42 = -2086.908935
CPY42 = -2519.453613
CPZ42 = 30.308498
CPX43 = -2126.145751
CPY43 = -2529.815429
CPZ43 = 30.195852
CPX44 = -2192.911621
CPY44 = -2477.620117
CPZ44 = 30.272365
CPX45 = -2160.532470
CPY45 = -2408.790039
CPZ45 = 30.348443
CPX46 = -2199.951171
CPY46 = -2350.126953
CPZ46 = 30.347845
CPX47 = -2237.421386
CPY47 = -2305.646728
CPZ47 = 30.264120
MaxCP = 47
