Name = Buffalo Race
TCPX = 1005.238769
TCPY = 1572.737670
TCPZ = 10.671875
TCPA = 180.497329
Veh = 402
TCPX2 = 1009.973144
TCPY2 = 1572.521728
TCPZ2 = 10.671875
TCPA2 = 180.182388
CPX2 = 1007.520324
CPY2 = 1487.308105
CPZ2 = 10.398950
CPX3 = 1007.792358
CPY3 = 1224.796997
CPZ3 = 10.398952
CPX4 = 1159.891479
CPY4 = 1192.978027
CPZ4 = 10.575283
CPX5 = 1446.873779
CPY5 = 1182.851562
CPZ5 = 10.398947
CPX6 = 1461.146240
CPY6 = 1133.285400
CPZ6 = 10.398956
CPX7 = 1665.235839
CPY7 = 1133.151367
CPZ7 = 10.399137
CPX8 = 1867.146972
CPY8 = 1122.818359
CPZ8 = 10.399127
CPX9 = 1894.555175
CPY9 = 1090.215820
CPZ9 = 10.448138
CPX10 = 2019.441772
CPY10 = 1095.448608
CPZ10 = 10.398954
CPX11 = 2062.917480
CPY11 = 1199.566406
CPZ11 = 10.398954
CPX12 = 2097.450439
CPY12 = 1373.719116
CPZ12 = 10.416354
CPX13 = 2248.561035
CPY13 = 1397.494873
CPZ13 = 10.518084
CPX14 = 2261.411621
CPY14 = 1532.173583
CPZ14 = 10.402841
CPX15 = 2328.011474
CPY15 = 1549.215576
CPZ15 = 10.398936
CPX16 = 2340.053955
CPY16 = 1773.222534
CPZ16 = 10.398950
CPX17 = 2505.561767
CPY17 = 1782.242797
CPZ17 = 10.398954
CPX18 = 2519.479736
CPY18 = 1953.124389
CPZ18 = 10.399279
CPX19 = 2800.098876
CPY19 = 1957.944213
CPZ19 = 10.398950
CPX20 = 2849.785644
CPY20 = 2031.925170
CPZ20 = 10.398952
CPX21 = 2847.627197
CPY21 = 2149.360595
CPZ21 = 10.402820
CPX22 = 2836.995849
CPY22 = 2293.362792
CPZ22 = 10.412145
CPX23 = 2629.939453
CPY23 = 2277.875244
CPZ23 = 10.403226
CPX24 = 2610.032714
CPY24 = 2233.267089
CPZ24 = 10.406727
CPX25 = 2527.396484
CPY25 = 2245.433349
CPZ25 = 10.398721
CPX26 = 2523.616455
CPY26 = 2484.041748
CPZ26 = 10.547391
CPX27 = 2473.855224
CPY27 = 2514.381103
CPZ27 = 10.531019
CPX28 = 2227.407714
CPY28 = 2504.612548
CPZ28 = 10.398948
CPX29 = 2208.543701
CPY29 = 2453.492187
CPZ29 = 10.398958
CPX30 = 2027.099365
CPY30 = 2444.047363
CPZ30 = 10.429520
CPX31 = 2034.571166
CPY31 = 2352.449707
CPZ31 = 10.402819
CPX32 = 2126.492431
CPY32 = 2231.829833
CPZ32 = 10.398938
CPX33 = 2127.782470
CPY33 = 1901.502929
CPZ33 = 10.398959
MaxCP = 33
