Name = Kartmanijak
TCPX = 2086.852783
TCPY = 1850.157714
TCPZ = 10.671875
TCPA = 328.332183
Veh = 571
TCPX2 = 2083.547119
TCPY2 = 1854.152221
TCPZ2 = 10.671875
TCPA2 = 331.779510
CPX2 = 2085.500000
CPY2 = 1868.336425
CPZ2 = 10.671569
CPX3 = 2055.088867
CPY3 = 1919.895507
CPZ3 = 11.895315
CPX4 = 2098.490478
CPY4 = 1979.354614
CPZ4 = 10.399041
CPX5 = 2030.403442
CPY5 = 2003.410766
CPZ5 = 10.398938
CPX6 = 1899.096191
CPY6 = 1954.651123
CPZ6 = 7.949833
CPX7 = 1858.551635
CPY7 = 1961.372070
CPZ7 = 13.511846
CPX8 = 1866.688232
CPY8 = 2019.500732
CPZ8 = 13.510778
CPX9 = 1901.779541
CPY9 = 2002.599975
CPZ9 = 13.304788
CPX10 = 1860.466674
CPY10 = 1994.346557
CPZ10 = 7.321621
CPX11 = 1860.596923
CPY11 = 1911.215087
CPZ11 = 7.981146
CPX12 = 1877.676147
CPY12 = 1804.211303
CPZ12 = 12.470767
CPX13 = 1928.792602
CPY13 = 1807.513305
CPZ13 = 12.441474
CPX14 = 1913.051391
CPY14 = 1796.403198
CPZ14 = 14.077318
CPX15 = 1879.561767
CPY15 = 1806.285766
CPZ15 = 18.660955
CPX16 = 1955.076171
CPY16 = 1796.401245
CPZ16 = 18.660696
CPX17 = 1969.311767
CPY17 = 1749.692993
CPZ17 = 18.660953
CPX18 = 2011.269531
CPY18 = 1738.289550
CPZ18 = 18.660976
CPX19 = 1960.755493
CPY19 = 1729.092163
CPZ19 = 18.660930
CPX20 = 1919.368408
CPY20 = 1747.077514
CPZ20 = 18.456083
CPX21 = 2010.505249
CPY21 = 1739.540527
CPZ21 = 12.470772
CPX22 = 1912.904418
CPY22 = 1733.756469
CPZ22 = 12.441478
CPX23 = 1917.716064
CPY23 = 1767.214477
CPZ23 = 12.441477
CPX24 = 1969.413085
CPY24 = 1765.308349
CPZ24 = 12.402883
MaxCP = 24
