Name = OffroadKing
TCPX = 240.288864
TCPY = 2749.127197
TCPZ = 59.843750
TCPA = 72.479576
Veh = 495
TCPX2 = 237.530197
TCPY2 = 2744.024658
TCPZ2 = 59.843750
TCPA2 = 71.852874
CPX2 = 124.555557
CPY2 = 2723.171142
CPZ2 = 52.779438
CPX3 = -63.090682
CPY3 = 2637.420654
CPZ3 = 63.500396
CPX4 = -326.455902
CPY4 = 2638.906982
CPZ4 = 63.423099
CPX5 = -437.039154
CPY5 = 2722.383056
CPZ5 = 62.467514
CPX6 = -568.151611
CPY6 = 2694.049316
CPZ6 = 69.443557
CPX7 = -629.098815
CPY7 = 2591.650390
CPZ7 = 89.017601
CPX8 = -517.790649
CPY8 = 2434.558105
CPZ8 = 58.128353
CPX9 = -616.447082
CPY9 = 2454.375000
CPZ9 = 73.227134
CPX10 = -772.382080
CPY10 = 2559.236328
CPZ10 = 85.608978
CPX11 = -836.325683
CPY11 = 2446.295654
CPZ11 = 115.965660
CPX12 = -813.892150
CPY12 = 2351.292968
CPZ12 = 119.745750
CPX13 = -733.153198
CPY13 = 2349.540527
CPZ13 = 125.557189
CPX14 = -715.645385
CPY14 = 2458.515380
CPZ14 = 122.120925
CPX15 = -584.700561
CPY15 = 2375.739501
CPZ15 = 80.603996
CPX16 = -388.727172
CPY16 = 2256.015136
CPZ16 = 41.781356
CPX17 = -376.668975
CPY17 = 2199.840820
CPZ17 = 41.866790
CPX18 = -460.899688
CPY18 = 2071.102539
CPZ18 = 60.072196
CPX19 = -506.783691
CPY19 = 1990.443481
CPZ19 = 59.920650
CPX20 = -716.816528
CPY20 = 2065.839843
CPZ20 = 59.992637
CPX21 = -882.998779
CPY21 = 1962.495727
CPZ21 = 59.943950
CPX22 = -861.928955
CPY22 = 1808.111206
CPZ22 = 59.869094
CPX23 = -918.828674
CPY23 = 1780.492309
CPZ23 = 59.414913
CPX24 = -905.280212
CPY24 = 1691.536132
CPZ24 = 27.005159
CPX25 = -863.544616
CPY25 = 1599.894897
CPZ25 = 26.754663
CPX26 = -926.989379
CPY26 = 1414.162109
CPZ26 = 29.547391
CPX27 = -971.923950
CPY27 = 1417.191162
CPZ27 = 31.308507
CPX28 = -988.431945
CPY28 = 1448.536743
CPZ28 = 37.566024
CPX29 = -1008.406555
CPY29 = 1402.913940
CPZ29 = 41.141773
CPX30 = -1107.789062
CPY30 = 1582.791015
CPZ30 = 26.944679
CPX31 = -1273.735717
CPY31 = 1758.414062
CPZ31 = 19.541877
CPX32 = -1510.131591
CPY32 = 1822.988891
CPZ32 = 32.364116
CPX33 = -1618.684082
CPY33 = 2008.909912
CPZ33 = 18.215126
CPX34 = -1668.036621
CPY34 = 2241.141601
CPZ34 = 14.091035
CPX35 = -1693.182495
CPY35 = 2337.910888
CPZ35 = 31.742572
CPX36 = -1756.375244
CPY36 = 2293.976074
CPZ36 = 36.127250
CPX37 = -1690.334350
CPY37 = 2401.617919
CPZ37 = 58.156909
CPX38 = -1739.947509
CPY38 = 2466.003173
CPZ38 = 73.464172
CPX39 = -1652.610717
CPY39 = 2471.542724
CPZ39 = 86.675399
CPX40 = -1653.286621
CPY40 = 2604.289062
CPZ40 = 80.090225
CPX41 = -1835.047607
CPY41 = 2726.974121
CPZ41 = 62.212520
CPX42 = -1980.087646
CPY42 = 2721.941162
CPZ42 = 118.559852
CPX43 = -2062.730468
CPY43 = 2722.944335
CPZ43 = 166.575225
MaxCP = 43
