Name = BulletRun
TCPX = -951.086975
TCPY = -273.002838
TCPZ = 36.672348
TCPA = 350.736572
Veh = 541
TCPX2 = -956.745300
TCPY2 = -271.484710
TCPZ2 = 36.563446
TCPA2 = 350.109924
CPX2 = -924.229248
CPY2 = -159.245071
CPZ2 = 51.322315
CPX3 = -789.180664
CPY3 = -104.176582
CPZ3 = 63.980976
CPX4 = -673.508361
CPY4 = -2.487126
CPZ4 = 71.243820
CPX5 = -888.856994
CPY5 = -41.438961
CPZ5 = 34.017875
CPX6 = -678.698425
CPY6 = 39.388011
CPZ6 = 32.999633
CPX7 = -755.506225
CPY7 = 112.222145
CPZ7 = 13.635962
CPX8 = -757.200378
CPY8 = 200.685592
CPZ8 = 2.120393
CPX9 = -499.641418
CPY9 = 284.529785
CPZ9 = 1.807100
CPX10 = -199.188034
CPY10 = 247.867492
CPZ10 = 11.803671
CPX11 = -140.502868
CPY11 = 623.424072
CPZ11 = 1.804842
CPX12 = -293.646575
CPY12 = 639.969482
CPZ12 = 15.993488
CPX13 = -109.061943
CPY13 = 777.191223
CPZ13 = 20.396343
CPX14 = -158.659957
CPY14 = 814.647583
CPZ14 = 21.801374
CPX15 = -292.448608
CPY15 = 812.168212
CPZ15 = 14.310978
CPX16 = -409.578338
CPY16 = 1015.084533
CPZ16 = 10.752372
CPX17 = -630.151123
CPY17 = 1211.620727
CPZ17 = 11.406224
CPX18 = -747.661010
CPY18 = 1255.902832
CPZ18 = 13.137661
CPX19 = -847.645629
CPY19 = 1484.979980
CPZ19 = 17.309234
CPX20 = -913.290527
CPY20 = 1704.126708
CPZ20 = 27.042575
CPX21 = -1063.861206
CPY21 = 1735.673461
CPZ21 = 31.337762
CPX22 = -1215.142944
CPY22 = 1802.564453
CPZ22 = 41.276473
CPX23 = -1406.300903
CPY23 = 1851.997924
CPZ23 = 35.635688
CPX24 = -1710.753417
CPY24 = 1822.174560
CPZ24 = 24.414678
CPX25 = -1785.561889
CPY25 = 1912.875732
CPZ25 = 14.779823
CPX26 = -1808.089965
CPY26 = 2140.787841
CPZ26 = 6.709670
CPX27 = -1609.258056
CPY27 = 2411.482421
CPZ27 = 56.310863
CPX28 = -1577.599243
CPY28 = 2585.715820
CPZ28 = 67.013267
CPX29 = -1626.047363
CPY29 = 2725.052246
CPZ29 = 57.451190
CPX30 = -1434.196411
CPY30 = 2722.665771
CPZ30 = 63.105930
CPX31 = -1342.841796
CPY31 = 2640.619628
CPZ31 = 50.357860
CPX32 = -1185.342895
CPY32 = 2690.936767
CPZ32 = 45.594268
CPX33 = -948.763427
CPY33 = 2718.717041
CPZ33 = 45.594261
CPX34 = -701.068969
CPY34 = 2690.204833
CPZ34 = 55.867321
CPX35 = -737.538085
CPY35 = 2624.964599
CPZ35 = 66.522956
CPX36 = -640.531982
CPY36 = 2474.441650
CPZ36 = 75.015541
CPX37 = -459.629821
CPY37 = 2444.881103
CPZ37 = 48.214675
CPX38 = -306.861938
CPY38 = 2521.960937
CPZ38 = 34.319332
CPX39 = -98.258552
CPY39 = 2440.900146
CPZ39 = 15.138218
CPX40 = -32.377403
CPY40 = 2302.190185
CPZ40 = 24.705863
CPX41 = 260.366607
CPY41 = 2284.671630
CPZ41 = 24.499052
MaxCP = 41
