Name = Elegy Power
TCPX = 525.785034
TCPY = 1680.271606
TCPZ = 11.886089
TCPA = 120.490203
Veh = 562
TCPX2 = 527.409362
TCPY2 = 1674.759277
TCPZ2 = 11.973144
TCPA2 = 121.116874
CPX2 = 483.959472
CPY2 = 1651.728393
CPZ2 = 14.315345
CPX3 = 355.217620
CPY3 = 1432.602661
CPZ3 = 6.424073
CPX4 = 260.621734
CPY4 = 1226.563720
CPZ4 = 15.334944
CPX5 = 217.750137
CPY5 = 992.776428
CPZ5 = 27.693777
CPX6 = 361.764739
CPY6 = 785.459960
CPZ6 = 6.429875
CPX7 = 690.330322
CPY7 = 659.891967
CPZ7 = 8.796865
CPX8 = 1095.645385
CPY8 = 798.612182
CPZ8 = 10.438590
CPX9 = 1418.065551
CPY9 = 832.566223
CPZ9 = 6.539577
CPX10 = 1614.347778
CPY10 = 843.161804
CPZ10 = 6.433890
CPX11 = 1809.702392
CPY11 = 840.834472
CPZ11 = 10.379434
CPX12 = 2054.233642
CPY12 = 847.793151
CPZ12 = 6.455848
CPX13 = 2080.873291
CPY13 = 971.444091
CPZ13 = 10.448151
CPX14 = 2232.647216
CPY14 = 964.920227
CPZ14 = 10.547388
CPX15 = 2317.151611
CPY15 = 981.929748
CPZ15 = 10.545621
CPX16 = 2353.697265
CPY16 = 1069.096801
CPZ16 = 10.494136
CPX17 = 2424.463623
CPY17 = 1082.757080
CPZ17 = 10.440683
CPX18 = 2437.695312
CPY18 = 1190.608642
CPZ18 = 10.434854
CPX19 = 2598.662353
CPY19 = 1192.074218
CPZ19 = 10.451296
CPX20 = 2616.266113
CPY20 = 1077.173461
CPZ20 = 10.478693
MaxCP = 20
