Name = Speed
TCPX = 635.217407
TCPY = -1332.551025
TCPZ = 13.382812
TCPA = 358.608154
Veh = 411
TCPX2 = 630.112609
TCPY2 = -1331.993408
TCPZ2 = 13.390308
TCPA2 = 0.801374
CPX2 = 632.898559
CPY2 = -1308.082641
CPZ2 = 13.454272
CPX3 = 608.468383
CPY3 = -1199.234863
CPZ3 = 18.129951
CPX4 = 303.718750
CPY4 = -1171.297729
CPZ4 = 25.519924
CPX5 = -38.048542
CPY5 = -1390.565063
CPZ5 = 11.017152
CPX6 = -313.994567
CPY6 = -1826.377807
CPZ6 = 18.182527
CPX7 = -353.769653
CPY7 = -2022.758544
CPZ7 = 27.710432
CPX8 = -211.006652
CPY8 = -2374.664794
CPZ8 = 32.869281
CPX9 = -49.560787
CPY9 = -2747.254394
CPZ9 = 40.962142
CPX10 = -322.455932
CPY10 = -2798.891601
CPZ10 = 58.002597
CPX11 = -892.985656
CPY11 = -2828.326416
CPZ11 = 70.143371
CPX12 = -1424.092895
CPY12 = -2859.647216
CPZ12 = 48.780014
CPX13 = -1774.978881
CPY13 = -2567.735595
CPZ13 = 53.507995
CPX14 = -1966.906127
CPY14 = -2550.555175
CPZ14 = 38.018695
CPX15 = -2138.429931
CPY15 = -2407.265380
CPZ15 = 30.199872
CPX16 = -2140.353515
CPY16 = -2326.718994
CPZ16 = 30.195821
CPX17 = -2267.260986
CPY17 = -2212.159423
CPZ17 = 30.764177
CPX18 = -2056.794677
CPY18 = -1960.462646
CPZ18 = 55.505489
CPX19 = -1642.411010
CPY19 = -1626.493652
CPZ19 = 35.984886
CPX20 = -971.973510
CPY20 = -1911.164916
CPZ20 = 80.058418
CPX21 = -1127.560546
CPY21 = -2227.248291
CPZ21 = 32.806564
CPX22 = -1137.060180
CPY22 = -2563.452636
CPZ22 = 70.777946
CPX23 = -739.823974
CPY23 = -2396.333251
CPZ23 = 55.769477
CPX24 = -470.644439
CPY24 = -2180.635742
CPZ24 = 59.206958
CPX25 = -260.234893
CPY25 = -2027.523193
CPZ25 = 31.945625
CPX26 = -212.905761
CPY26 = -1644.061401
CPZ26 = 2.319944
CPX27 = -6.015489
CPY27 = -1538.666137
CPZ27 = 2.216345
CPX28 = 182.857818
CPY28 = -1607.012695
CPZ28 = 14.098229
CPX29 = 345.795288
CPY29 = -1709.503295
CPZ29 = 6.548066
CPX30 = 797.396667
CPY30 = -1782.603759
CPZ30 = 12.997628
CPX31 = 1044.575805
CPY31 = -1844.862182
CPZ31 = 13.127882
CPX32 = 1100.812866
CPY32 = -2353.791015
CPZ32 = 11.853018
CPX33 = 1378.869750
CPY33 = -2447.139160
CPZ33 = 6.659904
CPX34 = 1471.288085
CPY34 = -2240.359619
CPZ34 = -3.265109
CPX35 = 1536.957519
CPY35 = -2284.056884
CPZ35 = -3.265122
CPX36 = 1584.247924
CPY36 = -2311.428955
CPZ36 = -2.953303
CPX37 = 1747.166381
CPY37 = -2318.452880
CPZ37 = -3.118587
MaxCP = 37
