Name = Sabre Drift
TCPX = 1877.480102
TCPY = -1014.856872
TCPZ = 36.122993
TCPA = 260.546173
Veh = 475
TCPX2 = 1876.278808
TCPY2 = -1019.600769
TCPZ2 = 36.118240
TCPA2 = 259.292877
CPX2 = 1978.509155
CPY2 = -1026.443359
CPZ2 = 34.114582
CPX3 = 2221.420898
CPY3 = -1128.923583
CPZ3 = 25.353929
CPX4 = 2410.024414
CPY4 = -1177.548583
CPZ4 = 31.260231
CPX5 = 2448.881347
CPY5 = -1198.024902
CPZ5 = 35.745315
CPX6 = 2456.680664
CPY6 = -1439.023925
CPZ6 = 23.555170
CPX7 = 2509.331298
CPY7 = -1436.523071
CPZ7 = 28.088914
CPX8 = 2520.857177
CPY8 = -1258.759765
CPZ8 = 34.702049
CPX9 = 2723.104736
CPY9 = -1264.274536
CPZ9 = 59.309276
CPX10 = 2710.158935
CPY10 = -1503.669921
CPZ10 = 30.118362
CPX11 = 2658.683593
CPY11 = -1433.346557
CPZ11 = 30.202789
CPX12 = 2644.647949
CPY12 = -1457.245117
CPZ12 = 30.008327
CPX13 = 2635.131347
CPY13 = -1716.012817
CPZ13 = 10.625726
CPX14 = 2538.513671
CPY14 = -1742.052124
CPZ14 = 13.270122
CPX15 = 2485.542724
CPY15 = -1784.895751
CPZ15 = 13.280855
CPX16 = 2414.664062
CPY16 = -1781.366943
CPZ16 = 13.113441
CPX17 = 2395.667236
CPY17 = -1890.494140
CPZ17 = 13.109848
CPX18 = 2403.478515
CPY18 = -1922.600585
CPZ18 = 13.109891
MaxCP = 18
