Name = Los Santos Race
TCPX = 1964.139892
TCPY = -1961.740600
TCPZ = 13.712470
TCPA = 356.927001
Veh = 411
TCPX2 = 1959.195190
TCPY2 = -1961.496826
TCPZ2 = 13.720689
TCPA2 = 356.927062
CPX2 = 1961.627319
CPY2 = -1952.602539
CPZ2 = 13.475923
CPX3 = 1961.491455
CPY3 = -1826.292236
CPZ3 = 13.109886
CPX4 = 1980.126831
CPY4 = -1812.380004
CPZ4 = 13.109790
CPX5 = 2081.843994
CPY5 = -1798.039672
CPZ5 = 13.112243
CPX6 = 2112.105712
CPY6 = -1634.148315
CPZ6 = 19.891262
CPX7 = 2111.500976
CPY7 = -1406.590576
CPZ7 = 23.555240
CPX8 = 2126.230224
CPY8 = -1384.508422
CPZ8 = 23.559043
CPX9 = 2166.914550
CPY9 = -1367.849121
CPZ9 = 23.555204
CPX10 = 2186.223144
CPY10 = -1300.659545
CPZ10 = 23.547399
CPX11 = 2271.028564
CPY11 = -1271.231079
CPZ11 = 23.547174
CPX12 = 2254.208496
CPY12 = -1143.487182
CPZ12 = 26.197156
CPX13 = 2121.456787
CPY13 = -1080.611816
CPZ13 = 24.003812
CPX14 = 1853.978393
CPY14 = -1013.388854
CPZ14 = 35.860157
CPX15 = 1542.795532
CPY15 = -963.505554
CPZ15 = 36.805458
CPX16 = 1328.977050
CPY16 = -930.285034
CPZ16 = 36.282493
CPX17 = 1156.046752
CPY17 = -947.610595
CPZ17 = 42.638252
CPX18 = 1025.184692
CPY18 = -960.771850
CPZ18 = 42.044231
CPX19 = 795.895751
CPY19 = -1069.224853
CPZ19 = 24.202735
CPX20 = 796.942260
CPY20 = -1364.853759
CPZ20 = 13.109495
CPX21 = 824.865478
CPY21 = -1401.026611
CPZ21 = 13.185140
CPX22 = 1056.163574
CPY22 = -1400.876708
CPZ22 = 13.169040
CPX23 = 1196.056762
CPY23 = -1424.218505
CPZ23 = 12.984210
CPX24 = 1221.507446
CPY24 = -1572.384277
CPZ24 = 13.117686
CPX25 = 1297.324951
CPY25 = -1619.987670
CPZ25 = 13.109892
CPX26 = 1302.910766
CPY26 = -1710.182983
CPZ26 = 13.199378
CPX27 = 1525.182983
CPY27 = -1732.216308
CPZ27 = 13.114957
CPX28 = 1690.510742
CPY28 = -1732.393676
CPZ28 = 13.118183
CPX29 = 1842.952880
CPY29 = -1752.077880
CPZ29 = 13.109897
CPX30 = 1961.508544
CPY30 = -1771.950805
CPZ30 = 13.109896
CPX31 = 1978.608520
CPY31 = -1990.811035
CPZ31 = 13.275628
MaxCP = 31
