Name = East Ls Race
TCPX = 2350.635742
TCPY = -2369.781250
TCPZ = 13.380284
TCPA = 224.390579
Veh = 415
TCPX2 = 2354.661621
TCPY2 = -2366.287841
TCPZ2 = 13.380284
TCPA2 = 224.703887
CPX2 = 2373.497802
CPY2 = -2389.534423
CPZ2 = 13.107371
CPX3 = 2443.113037
CPY3 = -2440.798828
CPZ3 = 13.353779
CPX4 = 2536.819335
CPY4 = -2382.947021
CPZ4 = 13.351937
CPX5 = 2751.983398
CPY5 = -2411.709716
CPZ5 = 13.212141
CPX6 = 2752.256835
CPY6 = -2489.728515
CPZ6 = 13.386973
CPX7 = 2501.747802
CPY7 = -2512.068359
CPZ7 = 13.390328
CPX8 = 2468.319580
CPY8 = -2647.700683
CPZ8 = 13.382031
CPX9 = 2238.666015
CPY9 = -2653.895996
CPZ9 = 13.271322
CPX10 = 2212.206542
CPY10 = -2497.031494
CPZ10 = 13.139950
CPX11 = 2175.794677
CPY11 = -2441.240234
CPZ11 = 13.102087
CPX12 = 2175.829101
CPY12 = -2368.889892
CPZ12 = 13.274282
CPX13 = 2115.235595
CPY13 = -2252.720458
CPZ13 = 13.109887
CPX14 = 2130.210205
CPY14 = -2214.334472
CPZ14 = 13.100537
CPX15 = 1958.590454
CPY15 = -2167.710937
CPZ15 = 13.109887
CPX16 = 1705.181396
CPY16 = -2175.061767
CPZ16 = 15.213823
CPX17 = 1461.216064
CPY17 = -2194.392089
CPZ17 = 13.312805
CPX18 = 1460.844482
CPY18 = -2194.391113
CPZ18 = 13.335654
CPX19 = 1263.680664
CPY19 = -2218.182128
CPZ19 = 18.014465
CPX20 = 1342.141601
CPY20 = -2212.756835
CPZ20 = 13.224288
CPX21 = 1384.017700
CPY21 = -2153.462158
CPZ21 = 13.109889
MaxCP = 21
