Name = VineWood Challenge
TCPX = 1013.310424
TCPY = -960.399108
TCPZ = 41.908855
TCPA = 93.593872
Veh = 451
TCPX2 = 1013.902465
TCPY2 = -964.877136
TCPZ2 = 41.909378
TCPA2 = 98.293907
CPX2 = 951.849548
CPY2 = -949.087768
CPZ2 = 39.818645
CPX3 = 844.446289
CPY3 = -940.546691
CPZ3 = 51.725688
CPX4 = 840.184326
CPY4 = -869.724426
CPZ4 = 69.099937
CPX5 = 997.899291
CPY5 = -791.293090
CPZ5 = 100.039146
CPX6 = 885.669067
CPY6 = -769.437683
CPZ6 = 93.515029
CPX7 = 611.920654
CPY7 = -901.777160
CPZ7 = 62.659324
CPX8 = 509.989562
CPY8 = -999.131896
CPZ8 = 88.970428
CPX9 = 568.171203
CPY9 = -1042.993286
CPZ9 = 73.108985
CPX10 = 377.450134
CPY10 = -1082.635864
CPZ10 = 73.550010
CPX11 = 282.011718
CPY11 = -1239.297973
CPZ11 = 74.257148
CPX12 = 397.683532
CPY12 = -1236.839477
CPZ12 = 51.476551
CPX13 = 603.061340
CPY13 = -1130.122680
CPZ13 = 46.987911
CPX14 = 374.683135
CPY14 = -1153.696899
CPZ14 = 77.882904
CPX15 = 250.697372
CPY15 = -1035.306274
CPZ15 = 56.500911
CPX16 = 150.031356
CPY16 = -1224.280883
CPZ16 = 44.770092
CPX17 = 163.300811
CPY17 = -1410.632202
CPZ17 = 45.261001
CPX18 = 93.908264
CPY18 = -1517.774536
CPZ18 = 5.718968
MaxCP = 18
