Name = Funny Aero Race
TCPX = -1165.694091
TCPY = 337.891235
TCPZ = 14.250000
TCPA = 133.477066
Veh = 480
TCPX2 = -1155.050048
TCPY2 = 326.725128
TCPZ2 = 14.250000
TCPA2 = 133.477081
CPX2 = -1258.172241
CPY2 = 234.163726
CPZ2 = 13.875514
CPX3 = -1341.980102
CPY3 = 117.082466
CPZ3 = 13.867947
CPX4 = -1384.488769
CPY4 = 17.977560
CPZ4 = 13.875496
CPX5 = -1527.768188
CPY5 = -65.701797
CPZ5 = 13.875518
CPX6 = -1663.649780
CPY6 = -309.511535
CPZ6 = 13.871024
CPX7 = -1667.430786
CPY7 = -431.235076
CPZ7 = 18.914712
CPX8 = -1489.711669
CPY8 = -589.505065
CPZ8 = 13.875509
CPX9 = -1232.213134
CPY9 = -545.715393
CPZ9 = 13.875514
CPX10 = -1131.576782
CPY10 = -343.352722
CPZ10 = 13.873268
CPX11 = -1140.745239
CPY11 = -235.417984
CPZ11 = 13.875512
CPX12 = -1389.693847
CPY12 = -150.562698
CPZ12 = 13.875510
CPX13 = -1317.345825
CPY13 = -8.895713
CPZ13 = 13.875515
CPX14 = -1212.815429
CPY14 = 64.608963
CPZ14 = 13.860848
CPX15 = -1246.314086
CPY15 = 143.684082
CPZ15 = 13.874480
CPX16 = -1190.068237
CPY16 = 288.470092
CPZ16 = 13.875505
CPX17 = -1098.796508
CPY17 = 391.732574
CPZ17 = 13.875905
MaxCP = 17
