Name = Sultan Mountain
TCPX = -2251.483398
TCPY = -174.893310
TCPZ = 35.171875
TCPA = 180.395156
Veh = 560
TCPX2 = -2260.437988
TCPY2 = -176.348388
TCPZ2 = 35.171875
TCPA2 = 180.708038
CPX2 = -2256.124267
CPY2 = -333.753540
CPZ2 = 50.594264
CPX3 = -2207.185546
CPY3 = -463.428222
CPZ3 = 49.356758
CPX4 = -2251.641845
CPY4 = -654.821166
CPZ4 = 69.580314
CPX5 = -2242.892089
CPY5 = -742.812500
CPZ5 = 67.976890
CPX6 = -2350.813476
CPY6 = -726.447143
CPZ6 = 104.976127
CPX7 = -2407.197265
CPY7 = -623.579101
CPZ7 = 132.111434
CPX8 = -2471.855957
CPY8 = -491.922210
CPZ8 = 102.616882
CPX9 = -2595.634521
CPY9 = -497.509246
CPZ9 = 73.798904
CPX10 = -2609.174316
CPY10 = -472.375640
CPZ10 = 68.486763
CPX11 = -2422.748779
CPY11 = -422.333190
CPZ11 = 85.523567
CPX12 = -2324.704101
CPY12 = -451.471069
CPZ12 = 79.686523
CPX13 = -2475.019775
CPY13 = -368.553527
CPZ13 = 65.676094
CPX14 = -2673.904785
CPY14 = -426.489929
CPZ14 = 31.517313
CPX15 = -2782.517333
CPY15 = -490.230895
CPZ15 = 6.913434
MaxCP = 15
