Name = Village Race
TCPX = -1591.469726
TCPY = -2751.777832
TCPZ = 48.495441
TCPA = 54.145072
Veh = 559
TCPX2 = -1594.688842
TCPY2 = -2756.230712
TCPZ2 = 48.494945
TCPA2 = 54.458396
CPX2 = -1762.335449
CPY2 = -2579.158447
CPZ2 = 52.121940
CPX3 = -1965.202148
CPY3 = -2551.168701
CPZ3 = 38.143287
CPX4 = -2081.294189
CPY4 = -2475.511230
CPZ4 = 30.196893
CPX5 = -2136.296386
CPY5 = -2528.000976
CPZ5 = 30.233964
CPX6 = -2229.281494
CPY6 = -2445.207275
CPZ6 = 30.195804
CPX7 = -2195.391845
CPY7 = -2380.856689
CPZ7 = 30.348457
CPX8 = -2142.634765
CPY8 = -2325.354980
CPZ8 = 30.195867
CPX9 = -2108.425781
CPY9 = -2331.351318
CPZ9 = 30.195856
CPX10 = -2101.077392
CPY10 = -2269.632324
CPZ10 = 30.195827
CPX11 = -2189.778808
CPY11 = -2275.688720
CPZ11 = 30.352426
CPX12 = -2261.824951
CPY12 = -2209.766113
CPZ12 = 31.761323
CPX13 = -2079.935791
CPY13 = -2003.753417
CPZ13 = 60.550266
CPX14 = -1945.445312
CPY14 = -1798.040405
CPZ14 = 32.572654
CPX15 = -1881.942138
CPY15 = -1695.938964
CPZ15 = 21.471797
MaxCP = 15
