Name = Beach Beetle
TCPX = 277.728759
TCPY = -1785.067138
TCPZ = 4.352099
TCPA = 271.007843
Veh = 424
TCPX2 = 278.749755
TCPY2 = -1777.474853
TCPZ2 = 4.277611
TCPA2 = 268.187866
CPX2 = 351.969757
CPY2 = -1782.848388
CPZ2 = 5.090901
CPX3 = 423.190521
CPY3 = -1795.751831
CPZ3 = 5.269281
CPX4 = 524.082153
CPY4 = -1840.014526
CPZ4 = 4.691321
CPX5 = 653.132263
CPY5 = -1857.442016
CPZ5 = 5.087471
CPX6 = 803.599548
CPY6 = -1857.515991
CPZ6 = 8.029175
CPX7 = 906.858703
CPY7 = -1867.608764
CPZ7 = 7.478102
CPX8 = 1000.635864
CPY8 = -1892.687988
CPZ8 = 11.426198
CPX9 = 974.471252
CPY9 = -2030.923461
CPZ9 = 1.993462
CPX10 = 1034.598876
CPY10 = -2068.723388
CPZ10 = 12.661990
CPX11 = 1032.604980
CPY11 = -2298.979003
CPZ11 = 12.820826
CPX12 = 1188.154418
CPY12 = -2453.395263
CPZ12 = 10.568938
CPX13 = 1248.383300
CPY13 = -2491.530761
CPZ13 = 12.443565
CPX14 = 1376.297241
CPY14 = -2664.022216
CPZ14 = 13.109156
CPX15 = 1434.677856
CPY15 = -2711.255615
CPZ15 = 13.702797
CPX16 = 1439.916015
CPY16 = -2948.994628
CPZ16 = 25.152069
CPX17 = 1526.333496
CPY17 = -2955.852783
CPZ17 = 24.983140
MaxCP = 17
