Name = Hood Race
TCPX = 2716.556884
TCPY = -1985.482177
TCPZ = 13.382812
TCPA = 1.218685
Veh = 477
TCPX2 = 2711.300537
TCPY2 = -1984.377563
TCPZ2 = 13.382812
TCPA2 = 357.772003
CPX2 = 2703.609863
CPY2 = -1938.440307
CPZ2 = 13.228850
CPX3 = 2520.100341
CPY3 = -1924.185668
CPZ3 = 13.119935
CPX4 = 2516.696044
CPY4 = -1792.659301
CPZ4 = 13.273949
CPX5 = 2419.648437
CPY5 = -1768.619384
CPZ5 = 13.228563
CPX6 = 2426.173828
CPY6 = -1720.614990
CPZ6 = 13.602952
CPX7 = 2439.313720
CPY7 = -1509.127685
CPZ7 = 23.586013
CPX8 = 2557.342529
CPY8 = -1462.939697
CPZ8 = 23.688838
CPX9 = 2563.185058
CPY9 = -1265.039184
CPZ9 = 45.863025
CPX10 = 2436.107177
CPY10 = -1256.607299
CPZ10 = 23.563083
CPX11 = 2363.975585
CPY11 = -1287.941772
CPZ11 = 23.655521
CPX12 = 2285.641357
CPY12 = -1299.752563
CPZ12 = 23.731332
CPX13 = 2177.566650
CPY13 = -1313.840087
CPZ13 = 23.702087
CPX14 = 2157.089599
CPY14 = -1381.883056
CPZ14 = 23.555200
CPX15 = 2125.229492
CPY15 = -1415.546752
CPZ15 = 23.714527
CPX16 = 2112.891601
CPY16 = -1483.756591
CPZ16 = 23.545825
CPX17 = 2103.786132
CPY17 = -1749.361328
CPZ17 = 13.122412
CPX18 = 2178.769531
CPY18 = -1762.690185
CPZ18 = 13.231798
CPX19 = 2162.685302
CPY19 = -1803.581054
CPZ19 = 13.100914
MaxCP = 19
