Name = Get Lucky
TCPX = -1621.508789
TCPY = -435.392700
TCPZ = 13.744321
TCPA = 339.291229
Veh = 510
TCPX2 = -1534.833740
TCPY2 = -500.668579
TCPZ2 = 13.962513
TCPA2 = 288.566558
CPX2 = -1413.568725
CPY2 = -312.258941
CPZ2 = 13.727293
CPX3 = -1569.451904
CPY3 = -457.959075
CPZ3 = 13.727066
CPX4 = -1422.208129
CPY4 = -302.580383
CPZ4 = 13.725230
CPX5 = -1615.186279
CPY5 = -500.893432
CPZ5 = 8.088064
CPX6 = -1771.423095
CPY6 = -594.284729
CPZ6 = 16.212106
CPX7 = -1908.075073
CPY7 = -696.487548
CPZ7 = 31.891407
CPX8 = -2003.323242
CPY8 = -715.400939
CPZ8 = 31.750509
CPX9 = -2194.991943
CPY9 = -724.555908
CPZ9 = 60.716587
CPX10 = -2351.943115
CPY10 = -776.767089
CPZ10 = 94.946029
CPX11 = -2406.250976
CPY11 = -627.604919
CPZ11 = 131.965576
CPX12 = -2477.300292
CPY12 = -477.478271
CPZ12 = 98.979331
CPX13 = -2540.293701
CPY13 = -361.459075
CPZ13 = 54.808521
CPX14 = -2601.188476
CPY14 = -256.397125
CPZ14 = 19.064626
CPX15 = -2655.204589
CPY15 = -191.131317
CPZ15 = 3.875058
CPX16 = -2651.636718
CPY16 = -70.218986
CPZ16 = 3.906771
CPX17 = -2604.101318
CPY17 = -49.663730
CPZ17 = 3.906766
CPX18 = -2617.684082
CPY18 = 39.412109
CPZ18 = 3.906765
CPX19 = -2763.491699
CPY19 = 48.464595
CPZ19 = 6.792264
CPX20 = -2759.496337
CPY20 = 84.642089
CPZ20 = 6.660899
CPX21 = -2664.336181
CPY21 = 85.717262
CPZ21 = 3.953197
CPX22 = -2536.130371
CPY22 = 69.837326
CPZ22 = 10.012307
CPX23 = -2535.797119
CPY23 = 31.530357
CPZ23 = 8.306455
CPX24 = -2533.809570
CPY24 = -2.178789
CPZ24 = 25.303462
CPX25 = -2531.919677
CPY25 = -55.118583
CPZ25 = 20.945827
CPX26 = -2540.435058
CPY26 = -24.388736
CPZ26 = 16.148952
CPX27 = -2535.709960
CPY27 = -70.216346
CPZ27 = 17.491073
CPX28 = -2429.263427
CPY28 = -70.495071
CPZ28 = 34.942684
CPX29 = -2308.793457
CPY29 = -80.502319
CPZ29 = 35.047389
CPX30 = -2291.014160
CPY30 = -225.210784
CPZ30 = 41.765216
CPX31 = -2243.458007
CPY31 = -318.655700
CPZ31 = 50.125205
CPX32 = -2205.065429
CPY32 = -349.766754
CPZ32 = 36.540859
CPX33 = -2007.744140
CPY33 = -367.381591
CPZ33 = 35.771537
CPX34 = -1911.087646
CPY34 = -570.912536
CPZ34 = 37.961444
CPX35 = -1910.859252
CPY35 = -921.240661
CPZ35 = 44.583698
CPX36 = -1908.041870
CPY36 = -1348.673217
CPZ36 = 40.105789
MaxCP = 36
