Name = Tram Race
TCPX = -2264.889160
TCPY = 694.153808
TCPZ = 49.296875
TCPA = 357.493377
Veh = 449
TCPX2 = -2264.900390
TCPY2 = 683.660644
TCPZ2 = 49.296875
TCPA2 = 359.686584
CPX2 = -2264.963867
CPY2 = 718.038513
CPZ2 = 49.783363
CPX3 = -2264.875000
CPY3 = 876.775390
CPZ3 = 66.889488
CPX4 = -2264.875000
CPY4 = 1074.105102
CPZ4 = 81.273612
CPX5 = -2262.696044
CPY5 = 1262.908935
CPZ5 = 42.979927
CPX6 = -2044.477783
CPY6 = 1304.270019
CPZ6 = 7.622308
CPX7 = -1772.808715
CPY7 = 1372.321289
CPZ7 = 7.497308
CPX8 = -1584.125000
CPY8 = 1070.931518
CPZ8 = 7.497308
CPX9 = -1570.185302
CPY9 = 921.250000
CPZ9 = 7.609024
CPX10 = -1963.169555
CPY10 = 921.000000
CPZ10 = 44.480377
CPX11 = -1969.105346
CPY11 = 848.875000
CPZ11 = 45.248580
CPX12 = -1722.228393
CPY12 = 848.875000
CPZ12 = 25.202470
CPX13 = -1540.599609
CPY13 = 777.706542
CPZ13 = 7.497308
CPX14 = -1711.565673
CPY14 = 679.364440
CPZ14 = 25.122308
CPX15 = -1830.419677
CPY15 = 603.250000
CPZ15 = 35.497306
CPX16 = -2001.263183
CPY16 = 556.594055
CPZ16 = 35.497306
CPX17 = -2062.231933
CPY17 = 30.375000
CPZ17 = 35.622306
CPX18 = -2166.625000
CPY18 = -35.514328
CPZ18 = 35.622306
CPX19 = -2210.346191
CPY19 = -70.041320
CPZ19 = 35.622306
CPX20 = -2254.242675
CPY20 = 22.968585
CPZ20 = 35.622306
CPX21 = -2316.234130
CPY21 = 426.982818
CPZ21 = 35.415229
CPX22 = -2301.241699
CPY22 = 508.500000
CPZ22 = 34.935890
CPX23 = -2264.953369
CPY23 = 729.648254
CPZ23 = 49.793922
MaxCP = 23
