Name = DM-EVENT
TCPX = 999.709106
TCPY = -2137.585205
TCPZ = 13.090812
TCPA = 141.845550
Veh = 0
TCPX2 = 997.672485
TCPY2 = -2140.177734
TCPZ2 = 13.090812
TCPA2 = 141.845550
CPX2 = 995.728271
CPY2 = -2143.366210
CPZ2 = 13.090812
CPX3 = 994.361389
CPY3 = -2146.725341
CPZ3 = 13.090812
CPX4 = 992.905883
CPY4 = -2150.430175
CPZ4 = 13.090812
CPX5 = 991.884216
CPY5 = -2153.017822
CPZ5 = 13.090812
CPX6 = 990.691101
CPY6 = -2156.038574
CPZ6 = 13.090812
CPX7 = 989.863342
CPY7 = -2158.134521
CPZ7 = 13.090812
CPX8 = 988.801696
CPY8 = -2160.823242
CPZ8 = 13.083000
CPX9 = 988.146118
CPY9 = -2162.484130
CPZ9 = 13.090812
MaxCP = 9
