Name = VineWood Race
TCPX = 157.126266
TCPY = -1788.722045
TCPZ = 4.014935
TCPA = 359.134307
Veh = 506
TCPX2 = 152.529891
TCPY2 = -1789.824462
TCPZ2 = 3.983168
TCPA2 = 0.700533
CPX2 = 154.268539
CPY2 = -1763.346069
CPZ2 = 4.412849
CPX3 = 123.619262
CPY3 = -1598.170654
CPZ3 = 10.274916
CPX4 = 104.506599
CPY4 = -1491.199951
CPZ4 = 12.545441
CPX5 = 216.659530
CPY5 = -1358.138305
CPZ5 = 50.418849
CPX6 = 231.783706
CPY6 = -1309.937255
CPZ6 = 55.466621
CPX7 = 303.175079
CPY7 = -1212.865600
CPZ7 = 75.468353
CPX8 = 391.780212
CPY8 = -1168.985961
CPZ8 = 78.500213
CPX9 = 546.495056
CPY9 = -1156.221313
CPZ9 = 54.327816
CPX10 = 703.399230
CPY10 = -1011.443054
CPZ10 = 51.830421
CPX11 = 873.030090
CPY11 = -861.090820
CPZ11 = 77.247337
CPX12 = 991.669616
CPY12 = -801.190673
CPZ12 = 99.213981
CPX13 = 1221.754150
CPY13 = -744.544006
CPZ13 = 96.769577
CPX14 = 1346.841308
CPY14 = -686.522155
CPZ14 = 91.297958
CPX15 = 1378.076660
CPY15 = -572.958923
CPZ15 = 82.773689
CPX16 = 1272.053588
CPY16 = -610.754882
CPZ16 = 102.556236
CPX17 = 992.834594
CPY17 = -635.277832
CPZ17 = 120.928459
CPX18 = 908.060241
CPY18 = -707.812316
CPZ18 = 111.162399
CPX19 = 732.776000
CPY19 = -807.525817
CPZ19 = 68.641227
CPX20 = 612.645324
CPY20 = -906.278747
CPZ20 = 62.678821
CPX21 = 514.756835
CPY21 = -946.645324
CPZ21 = 78.898849
CPX22 = 454.974151
CPY22 = -1014.270690
CPZ22 = 92.731567
CPX23 = 285.350524
CPY23 = -1071.702392
CPZ23 = 86.562324
CPX24 = 205.023574
CPY24 = -1151.568603
CPZ24 = 61.008735
CPX25 = 141.807525
CPY25 = -1248.846191
CPZ25 = 44.515693
CPX26 = 151.354980
CPY26 = -1384.238525
CPZ26 = 49.109886
CPX27 = 152.192962
CPY27 = -1428.296752
CPZ27 = 37.893478
CPX28 = 80.025527
CPY28 = -1562.724243
CPZ28 = 6.699604
MaxCP = 28
