Name = Moto Race
TCPX = -2157.410644
TCPY = -766.808837
TCPZ = 31.968750
TCPA = 357.902008
Veh = 522
TCPX2 = -2162.164062
TCPY2 = -767.048522
TCPZ2 = 31.968750
TCPA2 = 4.795423
CPX2 = -2159.583984
CPY2 = -753.148620
CPZ2 = 31.588485
CPX3 = -2129.191162
CPY3 = -714.376831
CPZ3 = 31.587182
CPX4 = -1923.067260
CPY4 = -731.350219
CPZ4 = 31.552392
CPX5 = -1935.512817
CPY5 = -857.775695
CPZ5 = 31.592712
CPX6 = -1990.041015
CPY6 = -872.589538
CPZ6 = 31.589015
CPX7 = -1975.950317
CPY7 = -1006.008850
CPZ7 = 31.579547
CPX8 = -1922.588745
CPY8 = -954.906494
CPZ8 = 31.584157
CPX9 = -1953.161010
CPY9 = -857.180725
CPZ9 = 31.601800
CPX10 = -2050.231445
CPY10 = -866.998413
CPZ10 = 31.734552
CPX11 = -2045.072387
CPY11 = -967.766723
CPZ11 = 31.725385
CPX12 = -2006.036865
CPY12 = -969.947021
CPZ12 = 31.739299
CPX13 = -1987.782226
CPY13 = -1014.819335
CPZ13 = 31.586965
CPX14 = -1996.825317
CPY14 = -1090.659057
CPZ14 = 31.588916
CPX15 = -1957.101318
CPY15 = -1159.580200
CPZ15 = 28.690351
CPX16 = -1820.268432
CPY16 = -1188.525268
CPZ16 = 36.924488
CPX17 = -1893.682617
CPY17 = -1205.837036
CPZ17 = 39.048877
CPX18 = -1896.343261
CPY18 = -875.274108
CPZ18 = 44.525989
CPX19 = -1889.037109
CPY19 = -703.409545
CPZ19 = 42.266880
CPX20 = -1896.096435
CPY20 = -582.280334
CPZ20 = 24.011526
CPX21 = -2010.346557
CPY21 = -579.678039
CPZ21 = 25.210308
CPX22 = -2043.289672
CPY22 = -602.437316
CPZ22 = 29.871561
CPX23 = -1990.428222
CPY23 = -659.911193
CPZ23 = 31.973035
CPX24 = -2035.253906
CPY24 = -715.318481
CPZ24 = 31.593715
CPX25 = -2159.853271
CPY25 = -723.896911
CPZ25 = 31.534332
CPX26 = -2159.557128
CPY26 = -791.550598
CPZ26 = 31.533792
CPX27 = -2160.265869
CPY27 = -925.677795
CPZ27 = 31.532882
CPX28 = -2133.949218
CPY28 = -1007.155578
CPZ28 = 31.591156
CPX29 = -2033.920898
CPY29 = -1005.193664
CPZ29 = 31.586627
CPX30 = -1962.904907
CPY30 = -1005.090209
CPZ30 = 31.578754
CPX31 = -1945.605224
CPY31 = -1086.581420
CPZ31 = 30.297176
MaxCP = 31
