Name = Slamvan Race
TCPX = -2242.013916
TCPY = 1095.698608
TCPZ = 79.851562
TCPA = 87.484054
Veh = 535
TCPX2 = -2242.018554
TCPY2 = 1090.852172
TCPZ2 = 79.851562
TCPA2 = 87.170722
CPX2 = -2259.477539
CPY2 = 1086.117553
CPZ2 = 79.586441
CPX3 = -2259.169433
CPY3 = 972.397277
CPZ3 = 67.868698
CPX4 = -2264.157470
CPY4 = 787.485412
CPZ4 = 49.023803
CPX5 = -2237.432861
CPY5 = 565.140808
CPZ5 = 34.742668
CPX6 = -2145.923828
CPY6 = 576.974121
CPZ6 = 34.768730
CPX7 = -2142.511718
CPY7 = 698.295227
CPZ7 = 68.225524
CPX8 = -2142.555664
CPY8 = 893.566101
CPZ8 = 79.535926
CPX9 = -2141.794433
CPY9 = 1137.314697
CPZ9 = 65.870185
CPX10 = -2163.659667
CPY10 = 1176.635498
CPZ10 = 55.305183
CPX11 = -2256.698730
CPY11 = 1188.515747
CPZ11 = 55.305217
CPX12 = -2200.040283
CPY12 = 1272.734008
CPZ12 = 32.851909
CPX13 = -2027.362670
CPY13 = 1286.604858
CPZ13 = 6.777807
CPX14 = -1862.498046
CPY14 = 1338.631225
CPZ14 = 6.773649
CPX15 = -1687.520141
CPY15 = 1271.526245
CPZ15 = 6.766232
CPX16 = -1603.282958
CPY16 = 1125.582885
CPZ16 = 6.766171
CPX17 = -1585.290405
CPY17 = 847.577270
CPZ17 = 7.143871
CPX18 = -1751.080566
CPY18 = 848.749938
CPZ18 = 24.461011
CPX19 = -1897.138183
CPY19 = 845.642150
CPZ19 = 34.743022
CPX20 = -2002.925781
CPY20 = 827.627502
CPZ20 = 45.023960
CPX21 = -2024.470825
CPY21 = 808.957092
CPZ21 = 47.347267
CPX22 = -2132.676025
CPY22 = 808.010070
CPZ22 = 69.141632
CPX23 = -2244.340576
CPY23 = 808.394348
CPZ23 = 49.024944
CPX24 = -2365.228271
CPY24 = 809.033447
CPZ24 = 36.406940
CPX25 = -2554.312744
CPY25 = 808.644042
CPZ25 = 49.549156
CPX26 = -2747.192871
CPY26 = 811.738769
CPZ26 = 52.788146
CPX27 = -2793.645996
CPY27 = 819.797485
CPZ27 = 47.161056
CPX28 = -2822.092285
CPY28 = 947.185913
CPZ28 = 43.627925
CPX29 = -2880.811035
CPY29 = 1051.510986
CPZ29 = 32.672359
CPX30 = -2756.853759
CPY30 = 1291.483276
CPZ30 = 6.332860
MaxCP = 30
