Name = Las Venturas City Race
TCPX = 2289.451416
TCPY = 2347.020751
TCPZ = 10.398953
TCPA = 288.101562
Veh = 560
TCPX2 = 2284.675781
TCPY2 = 2347.017333
TCPZ2 = 10.398951
TCPA2 = 288.101562
CPX2 = 2287.440917
CPY2 = 2360.793212
CPZ2 = 10.549171
CPX3 = 2308.331054
CPY3 = 2413.741455
CPZ3 = 10.398952
CPX4 = 2367.338134
CPY4 = 2430.513671
CPZ4 = 10.398753
CPX5 = 2376.243652
CPY5 = 2511.635742
CPZ5 = 10.423869
CPX6 = 2386.514892
CPY6 = 2539.418945
CPZ6 = 10.398952
CPX7 = 2373.823974
CPY7 = 2713.328369
CPZ7 = 10.397579
CPX8 = 2227.452636
CPY8 = 2728.542724
CPZ8 = 10.399005
CPX9 = 2217.175292
CPY9 = 2771.078857
CPZ9 = 10.409224
CPX10 = 2087.491943
CPY10 = 2757.864257
CPZ10 = 10.398827
CPX11 = 2086.637451
CPY11 = 2677.318603
CPZ11 = 10.395199
CPX12 = 2045.377929
CPY12 = 2646.479736
CPZ12 = 10.403072
CPX13 = 2027.892089
CPY13 = 2616.788085
CPZ13 = 10.784921
CPX14 = 2027.374145
CPY14 = 2427.537597
CPZ14 = 10.402385
CPX15 = 1987.745117
CPY15 = 2393.379638
CPZ15 = 10.398946
CPX16 = 1927.340332
CPY16 = 2364.689697
CPZ16 = 10.399035
CPX17 = 1928.155761
CPY17 = 2170.775634
CPZ17 = 10.553510
CPX18 = 1940.423339
CPY18 = 2114.373779
CPZ18 = 10.397422
CPX19 = 2107.901855
CPY19 = 2114.534179
CPZ19 = 10.401037
CPX20 = 2111.765869
CPY20 = 1969.992553
CPZ20 = 10.435146
CPX21 = 2056.500976
CPY21 = 1925.988647
CPZ21 = 11.882290
CPX22 = 2095.128417
CPY22 = 1865.402343
CPZ22 = 10.450261
CPX23 = 2105.325439
CPY23 = 1816.487792
CPZ23 = 10.398990
CPX24 = 2102.408691
CPY24 = 1772.864379
CPZ24 = 10.401411
CPX25 = 2316.866210
CPY25 = 1773.895751
CPZ25 = 10.416663
CPX26 = 2327.103027
CPY26 = 1745.517822
CPZ26 = 10.398960
CPX27 = 2341.198242
CPY27 = 1713.879882
CPZ27 = 10.403382
CPX28 = 2446.051757
CPY28 = 1712.891113
CPZ28 = 10.405220
CPX29 = 2506.789794
CPY29 = 1726.894287
CPZ29 = 10.398460
CPX30 = 2507.385253
CPY30 = 1829.245971
CPZ30 = 10.502404
CPX31 = 2507.092529
CPY31 = 2026.630737
CPZ31 = 10.398993
CPX32 = 2526.800292
CPY32 = 2079.135498
CPZ32 = 10.399036
CPX33 = 2527.366210
CPY33 = 2216.248291
CPZ33 = 10.398955
CPX34 = 2527.498291
CPY34 = 2295.999511
CPZ34 = 10.398983
CPX35 = 2512.167480
CPY35 = 2412.979492
CPZ35 = 10.399754
CPX36 = 2273.567138
CPY36 = 2412.972412
CPZ36 = 10.391991
CPX37 = 2220.331054
CPY37 = 2369.172607
CPZ37 = 10.402389
CPX38 = 2183.099853
CPY38 = 2283.354003
CPZ38 = 10.398981
CPX39 = 2286.844238
CPY39 = 2291.856933
CPZ39 = 10.433677
CPX40 = 2287.328125
CPY40 = 2401.758056
CPZ40 = 10.402689
CPX41 = 2309.439941
CPY41 = 2451.708496
CPZ41 = 10.547383
MaxCP = 41
