Name = Las Venturas Street Race
TCPX = 1005.152526
TCPY = 2439.358398
TCPZ = 10.415014
TCPA = 0.000000
Veh = 495
TCPX2 = 1009.645263
TCPY2 = 2439.184326
TCPZ2 = 10.415080
TCPA2 = 0.000000
CPX2 = 1007.387756
CPY2 = 2471.689208
CPZ2 = 10.561671
CPX3 = 964.055786
CPY3 = 2564.859863
CPZ3 = 10.435729
CPX4 = 672.771667
CPY4 = 2425.473876
CPZ4 = 31.603721
CPX5 = 859.614074
CPY5 = 2451.079101
CPZ5 = 29.461967
CPX6 = 876.256347
CPY6 = 2616.941894
CPZ6 = 28.013431
CPX7 = 757.771179
CPY7 = 2705.019042
CPZ7 = 48.561279
CPX8 = 454.196716
CPY8 = 2708.527099
CPZ8 = 62.980991
CPX9 = 132.460052
CPY9 = 2730.692382
CPZ9 = 53.313411
CPX10 = -186.844024
CPY10 = 2633.627929
CPZ10 = 63.004825
CPX11 = -446.078186
CPY11 = 2718.692626
CPZ11 = 62.855369
CPX12 = -565.876708
CPY12 = 2695.747070
CPZ12 = 68.983001
CPX13 = -618.234191
CPY13 = 2557.190917
CPZ13 = 86.058982
CPX14 = -534.230773
CPY14 = 2466.746093
CPZ14 = 64.086288
CPX15 = -441.504302
CPY15 = 2448.330322
CPZ15 = 46.544345
CPX16 = -381.890716
CPY16 = 2373.641357
CPZ16 = 32.838794
CPX17 = -380.267517
CPY17 = 2222.716552
CPZ17 = 41.834869
CPX18 = -431.310729
CPY18 = 2132.173095
CPZ18 = 45.444995
CPX19 = -465.549987
CPY19 = 2052.674072
CPZ19 = 60.642299
CPX20 = -439.797241
CPY20 = 2049.879882
CPZ20 = 60.757507
CPX21 = -386.400726
CPY21 = 2071.944824
CPZ21 = 60.817329
CPX22 = -480.996612
CPY22 = 1941.075195
CPZ22 = 86.179496
CPX23 = -438.554473
CPY23 = 1761.058715
CPZ23 = 71.776870
CPX24 = -432.349822
CPY24 = 1865.759033
CPZ24 = 62.783954
CPX25 = -409.378936
CPY25 = 1917.816528
CPZ25 = 57.539165
CPX26 = -387.438385
CPY26 = 1771.221679
CPZ26 = 45.113124
CPX27 = -449.546234
CPY27 = 1517.099365
CPZ27 = 35.494422
CPX28 = -394.441101
CPY28 = 1320.016601
CPZ28 = 25.849792
CPX29 = -233.252258
CPY29 = 1238.497558
CPZ29 = 23.163799
CPX30 = 85.140319
CPY30 = 1230.984985
CPZ30 = 19.452550
CPX31 = 188.819824
CPY31 = 1151.112426
CPZ31 = 14.446770
CPX32 = 336.813995
CPY32 = 1371.131958
CPZ32 = 7.286853
CPX33 = 406.087829
CPY33 = 1589.439697
CPZ33 = 17.570627
CPX34 = 654.070556
CPY34 = 1837.385986
CPZ34 = 5.209599
CPX35 = 665.426940
CPY35 = 2211.200927
CPZ35 = 23.737522
CPX36 = 724.158020
CPY36 = 2594.353759
CPZ36 = 23.223705
CPX37 = 1024.862426
CPY37 = 2526.781738
CPZ37 = 10.353116
MaxCP = 37
