Name = Offroad LV Rudnik
TCPX = 1009.736755
TCPY = 1319.097656
TCPZ = 10.398958
TCPA = 179.9627
Veh = 495
TCPX2 = 1005.127014
TCPY2 = 1322.461303
TCPZ2 = 10.398955
TCPA2 = 180.3117
CPX2 = 1007.517639
CPY2 = 1281.578491
CPZ2 = 10.398960
CPX3 = 950.933898
CPY3 = 1103.457641
CPZ3 = 8.940416
CPX4 = 862.124511
CPY4 = 870.487121
CPZ4 = 13.078674
CPX5 = 782.271362
CPY5 = 848.821411
CPZ5 = 5.443231
CPX6 = 742.497070
CPY6 = 925.215270
CPZ6 = -7.664955
CPX7 = 689.036743
CPY7 = 961.743774
CPZ7 = -13.565983
CPX8 = 715.527099
CPY8 = 885.840026
CPZ8 = -27.227031
CPX9 = 633.682434
CPY9 = 953.136291
CPZ9 = -35.104087
CPX10 = 517.241760
CPY10 = 931.568237
CPZ10 = -26.548276
CPX11 = 549.341918
CPY11 = 958.831420
CPZ11 = -19.967857
CPX12 = 654.447326
CPY12 = 983.691833
CPZ12 = -8.905442
CPX13 = 570.235473
CPY13 = 997.168762
CPZ13 = -2.165690
CPX14 = 658.865112
CPY14 = 1002.774108
CPZ14 = 5.580558
CPX15 = 763.656188
CPY15 = 925.926208
CPZ15 = 5.507634
CPX16 = 764.464477
CPY16 = 772.988525
CPZ16 = -1.833268
CPX17 = 652.553955
CPY17 = 747.512268
CPZ17 = -11.146428
CPX18 = 513.561218
CPY18 = 825.174011
CPZ18 = -25.087406
CPX19 = 519.004699
CPY19 = 871.947937
CPZ19 = -40.506206
CPX20 = 632.756774
CPY20 = 868.017517
CPZ20 = -43.234622
CPX21 = 646.521667
CPY21 = 948.037780
CPZ21 = -35.210506
CPX22 = 737.493225
CPY22 = 836.503295
CPZ22 = -18.942735
CPX23 = 592.009887
CPY23 = 756.418701
CPZ23 = -15.787346
CPX24 = 487.747222
CPY24 = 872.401672
CPZ24 = -31.404985
CPX25 = 571.972106
CPY25 = 962.824157
CPZ25 = -18.965654
CPX26 = 665.759094
CPY26 = 986.835632
CPZ26 = -11.072831
CPX27 = 550.634460
CPY27 = 988.373901
CPZ27 = -6.217651
CPX28 = 725.063171
CPY28 = 984.369323
CPZ28 = 5.567298
CPX29 = 774.088317
CPY29 = 892.384033
CPZ29 = -1.627023
CPX30 = 818.504577
CPY30 = 847.352050
CPZ30 = 10.522007
CPX31 = 1024.304443
CPY31 = 907.192077
CPZ31 = 13.582163
MaxCP = 31
