Name = - Pumpa
PosX = 1005.689636
PosY = -956.724121
PosZ = 41.545806
