Name = - Banka
PosX = 1720.157104
PosY = -1291.033569
PosZ = 13.546875
