Name = - Hangar
PosX = 2753.167236
PosY = -2441.105957
PosZ = 13.648437
