Name = - Opstina
PosX = 1485.017456
PosY = -1730.005004
PosZ = 13.382812
