Name = - Zlatara
PosX = 1086.359985
PosY = -1714.081909
PosZ = 13.381875
