Name = - Pijaca
PosX = 1880.463623
PosY = -1865.224853
PosZ = 13.578598
