Name = - Burg
PosX = 1221.786499
PosY = -933.014038
PosZ = 42.615020
