Name = - Las Venturas
PosX = 1835.007690
PosY = 821.775573
PosZ = 10.296806
