Name = - Auto Salon
PosX = 2153.343994
PosY = -1200.027343
PosZ = 23.901042
