Name = - Market
PosX = 1309.901245
PosY = -924.407836
PosZ = 38.523914
