Name = - Auto Skola
PosX = 1846.836425
PosY = -1413.783325
PosZ = 13.390625
