Name = - Apoteka
PosX = 1298.198852
PosY = -1854.681274
PosZ = 13.382812
