Name = - Spawn
PosX = 355.751190
PosY = -1802.738891
PosZ = 4.724190
