Name = {f793c9}----- Vazne {2ae1e7}Lokacije -----
PosX = 1474.586547
PosY = -1729.447143
PosZ = 13.382812
