Name = - Electronic Shop
PosX = 1427.291381
PosY = -1710.971923
PosZ = 13.382812
