MaxVehModel = 3
VehModel1 = 481
VehModel2 = 509
VehModel3 = 510
VehModel4 = 0
VehModel5 = 0
VehModel6 = 0
VehModel7 = 0
VehModel8 = 0
VehModel9 = 0
VehModel10 = 0
VehModel11 = 0
VehModel12 = 0
VehModel13 = 0
VehModel14 = 0
VehModel15 = 0
VehModel16 = 0
VehAmmount1 = 0
VehAmmount2 = 0
VehAmmount3 = 0
VehAmmount4 = 0
VehAmmount5 = 0
VehAmmount6 = 0
VehAmmount7 = 0
VehAmmount8 = 0
VehAmmount9 = 0
VehAmmount10 = 0
VehAmmount11 = 0
VehAmmount12 = 0
VehAmmount13 = 0
VehAmmount14 = 0
VehAmmount15 = 0
VehAmmount16 = 0
VehBuyedPosX = 215.578155
VehBuyedPosY = -1424.484619
VehBuyedPosZ = 12.790744
VehBuyedPosA = 313.961883
PickupPosX = 204.856063
PickupPosY = -1437.296020
PickupPosZ = 13.337883
CameraPosX = 207.163284
CameraPosY = -1433.346801
CameraPosZ = 13.973155
CameraLookAtX = 212.077804
CameraLookAtY = -1433.875488
CameraLookAtZ = 13.219493
VirtualW = 0
Interior = 0
IzlogVeh = 1
