MaxVehModel = 3
VehModel1 = 522
VehModel2 = 560
VehModel3 = 451
VehModel4 = 0
VehModel5 = 0
VehModel6 = 0
VehModel7 = 0
VehModel8 = 0
VehModel9 = 0
VehModel10 = 0
VehModel11 = 0
VehModel12 = 0
VehModel13 = 0
VehModel14 = 0
VehModel15 = 0
VehModel16 = 0
VehAmmount1 = 5
VehAmmount2 = 5
VehAmmount3 = 5
VehAmmount4 = 0
VehAmmount5 = 0
VehAmmount6 = 0
VehAmmount7 = 0
VehAmmount8 = 0
VehAmmount9 = 0
VehAmmount10 = 0
VehAmmount11 = 0
VehAmmount12 = 0
VehAmmount13 = 0
VehAmmount14 = 0
VehAmmount15 = 0
VehAmmount16 = 0
VehBuyedPosX = 1860.010131
VehBuyedPosY = -1457.116333
VehBuyedPosZ = 13.099061
VehBuyedPosA = 282.085876
PickupPosX = 1850.162719
PickupPosY = -1462.881835
PickupPosZ = 13.398437
CameraPosX = 50.000000
CameraPosY = 50.000000
CameraPosZ = 50.000000
CameraLookAtX = 53.535533
CameraLookAtY = 53.535533
CameraLookAtZ = 50.000000
VirtualW = 0
Interior = 0
IzlogVeh = 2
