MaxVehModel = 9
VehModel1 = 522
VehModel2 = 461
VehModel3 = 462
VehModel4 = 463
VehModel5 = 468
VehModel6 = 471
VehModel7 = 521
VehModel8 = 581
VehModel9 = 586
VehModel10 = 0
VehModel11 = 0
VehModel12 = 0
VehModel13 = 0
VehModel14 = 0
VehModel15 = 0
VehModel16 = 0
VehAmmount1 = 0
VehAmmount2 = 0
VehAmmount3 = 0
VehAmmount4 = 0
VehAmmount5 = 0
VehAmmount6 = 0
VehAmmount7 = 0
VehAmmount8 = 0
VehAmmount9 = 0
VehAmmount10 = 0
VehAmmount11 = 0
VehAmmount12 = 0
VehAmmount13 = 0
VehAmmount14 = 0
VehAmmount15 = 0
VehAmmount16 = 0
VehBuyedPosX = 1377.104614
VehBuyedPosY = -1884.210937
VehBuyedPosZ = 13.127038
VehBuyedPosA = 5.653172
PickupPosX = 1369.805419
PickupPosY = -1891.999633
PickupPosZ = 13.553936
CameraPosX = 1371.439819
CameraPosY = -1900.123901
CameraPosZ = 15.078388
CameraLookAtX = 1369.601074
CameraLookAtY = -1895.744750
CameraLookAtZ = 13.515830
VirtualW = 0
Interior = 0
IzlogVeh = 6
