MaxVehModel = 16
VehModel1 = 402
VehModel2 = 429
VehModel3 = 541
VehModel4 = 415
VehModel5 = 589
VehModel6 = 587
VehModel7 = 565
VehModel8 = 560
VehModel9 = 562
VehModel10 = 411
VehModel11 = 559
VehModel12 = 603
VehModel13 = 506
VehModel14 = 451
VehModel15 = 475
VehModel16 = 558
VehAmmount1 = 0
VehAmmount2 = 0
VehAmmount3 = 0
VehAmmount4 = 0
VehAmmount5 = 0
VehAmmount6 = 0
VehAmmount7 = 0
VehAmmount8 = 0
VehAmmount9 = 0
VehAmmount10 = 0
VehAmmount11 = 0
VehAmmount12 = 0
VehAmmount13 = 0
VehAmmount14 = 0
VehAmmount15 = 0
VehAmmount16 = 0
VehBuyedPosX = 1575.587280
VehBuyedPosY = -1242.072509
VehBuyedPosZ = 17.240695
VehBuyedPosA = 178.096984
PickupPosX = 1567.657592
PickupPosY = -1253.048950
PickupPosZ = 17.535457
CameraPosX = 1553.254394
CameraPosY = -1248.104858
CameraPosZ = 19.723852
CameraLookAtX = 1556.899536
CameraLookAtY = -1244.846679
CameraLookAtZ = 18.676494
VirtualW = 0
Interior = 0
IzlogVeh = 10
