MaxVehModel = 16
VehModel1 = 470
VehModel2 = 555
VehModel3 = 551
VehModel4 = 550
VehModel5 = 549
VehModel6 = 547
VehModel7 = 546
VehModel8 = 529
VehModel9 = 527
VehModel10 = 479
VehModel11 = 458
VehModel12 = 422
VehModel13 = 401
VehModel14 = 439
VehModel15 = 410
VehModel16 = 404
VehAmmount1 = 0
VehAmmount2 = 0
VehAmmount3 = 0
VehAmmount4 = 0
VehAmmount5 = 0
VehAmmount6 = 0
VehAmmount7 = 0
VehAmmount8 = 1
VehAmmount9 = 1
VehAmmount10 = 1
VehAmmount11 = 0
VehAmmount12 = 0
VehAmmount13 = 0
VehAmmount14 = 0
VehAmmount15 = 0
VehAmmount16 = 0
VehBuyedPosX = 564.129943
VehBuyedPosY = -1288.221191
VehBuyedPosZ = 16.953666
VehBuyedPosA = 359.648895
PickupPosX = 540.945312
PickupPosY = -1318.261718
PickupPosZ = -46.349063
CameraPosX = 539.629821
CameraPosY = -1320.396118
CameraPosZ = -44.394618
CameraLookAtX = 536.072143
CameraLookAtY = -1316.891357
CameraLookAtZ = -44.638813
VirtualW = 0
Interior = 0
IzlogVeh = 435
