MaxVehModel = 10
VehModel1 = 400
VehModel2 = 421
VehModel3 = 426
VehModel4 = 445
VehModel5 = 451
VehModel6 = 458
VehModel7 = 447
VehModel8 = 550
VehModel9 = 545
VehModel10 = 580
VehModel11 = 0
VehModel12 = 0
VehModel13 = 0
VehModel14 = 0
VehModel15 = 0
VehModel16 = 0
VehAmmount1 = 0
VehAmmount2 = 0
VehAmmount3 = 0
VehAmmount4 = 0
VehAmmount5 = 0
VehAmmount6 = 0
VehAmmount7 = 0
VehAmmount8 = 9
VehAmmount9 = 0
VehAmmount10 = 0
VehAmmount11 = 0
VehAmmount12 = 0
VehAmmount13 = 0
VehAmmount14 = 0
VehAmmount15 = 0
VehAmmount16 = 0
VehBuyedPosX = 0.000000
VehBuyedPosY = 0.000000
VehBuyedPosZ = 0.000000
VehBuyedPosA = 0.000000
PickupPosX = 2129.138427
PickupPosY = -1188.082275
PickupPosZ = 24.049938
CameraPosX = 2139.008300
CameraPosY = -1185.320434
CameraPosZ = 25.345386
CameraLookAtX = 2135.135986
CameraLookAtY = -1188.410766
CameraLookAtZ = 24.671392
VirtualW = 0
Interior = 0
IzlogVeh = 2
