ObjPos1 = -75.231918
ObjPos2 = -1598.200195
ObjPos3 = 2.617187
ObjRot1 = 0.000000
ObjRot2 = 0.000000
ObjRot3 = 0.000000
