ObjPos1 = 2761.617431
ObjPos2 = -2417.464599
ObjPos3 = 13.246405
ObjRot1 = 0.000000
ObjRot2 = 0.000000
ObjRot3 = 158.524780
