X = 344.236999
Y = -1808.756835
Z = 4.536547
