X = 2299.886474
Y = -1730.764648
Z = 13.382812
