X = 1470.793212
Y = -1738.084838
Z = 13.546875
