X = 1788.711669
Y = -1858.958251
Z = 13.414062
