X = 1720.031250
Y = -1270.322998
Z = 13.546875
