X = 1691.304199
Y = -1861.274658
Z = 13.531250
