X = 1614.493164
Y = -2311.315185
Z = 13.552982
