X = 1778.521850
Y = -1859.791381
Z = 13.414062
