X = 429.552612
Y = -1573.440063
Z = 27.725351
