X = 317.907257
Y = -1809.870605
Z = 4.466858
