X = 324.569824
Y = -1809.245727
Z = 4.482625
