X = 1214.810546
Y = -1719.864624
Z = 13.546875
