X = 1753.180541
Y = -1859.530761
Z = 13.414062
