X = 335.882141
Y = -1807.543457
Z = 4.535887
