X = 1772.989746
Y = -1859.225341
Z = 13.414062
