Owned = false
Owner = Drzava
Price = 0
Level = 999
Locked = false
Pos1 = 858.526550
Pos2 = -1798.232666
Pos3 = 13.814268
VehiclePos1 = 858.828918
VehiclePos2 = -1795.042480
VehiclePos3 = 13.578218
VehiclePos4 = 354.430297
VW = 111
Type = 1
