Owned = false
Owner = Drzava
Price = 0
Level = 999
Locked = false
Pos1 = 752.417907
Pos2 = -492.001037
Pos3 = 17.328125
VehiclePos1 = 752.374389
VehiclePos2 = -496.093505
VehiclePos3 = 17.055185
VehiclePos4 = 179.695449
VW = 117
Type = 1
