Owned = false
Owner = Drzava
Price = 0
Level = 999
Locked = false
Pos1 = 1137.840820
Pos2 = -1021.013244
Pos3 = 31.890625
VehiclePos1 = 1137.756225
VehiclePos2 = -1026.195556
VehiclePos3 = 31.645605
VehiclePos4 = 180.095077
VW = 36
Type = 2
