Owned = false
Owner = Drzava
Price = 0
Level = 999
Locked = false
Pos1 = 2528.673339
Pos2 = -1197.997802
Pos3 = 56.777671
VehiclePos1 = 2528.458251
VehiclePos2 = -1195.201538
VehiclePos3 = 56.593364
VehiclePos4 = 1.573310
VW = 75
Type = 1
