Owned = false
Owner = Drzava
Price = 0
Level = 999
Locked = false
Pos1 = 246.955703
Pos2 = -1359.666992
Pos3 = 53.109375
VehiclePos1 = 250.772186
VehiclePos2 = -1356.885498
VehiclePos3 = 52.836448
VehiclePos4 = 304.989837
VW = 35
Type = 2
