Owned = false
Owner = Drzava
Price = 0
Level = 999
Locked = false
Pos1 = 768.079650
Pos2 = -1660.303955
Pos3 = 4.574845
VehiclePos1 = 764.506713
VehiclePos2 = -1660.506103
VehiclePos3 = 4.160614
VehiclePos4 = 93.250778
VW = 109
Type = 1
