Owned = false
Owner = Drzava
Price = 0
Level = 999
Locked = false
Pos1 = 946.278076
Pos2 = -844.792358
Pos3 = 93.575912
VehiclePos1 = 944.082397
VehiclePos2 = -840.135986
VehiclePos3 = 94.026550
VehiclePos4 = 25.489332
VW = 20
Type = 2
