Owned = false
Owner = Drzava
Price = 0
Level = 999
Locked = false
Pos1 = 1798.274169
Pos2 = -2146.703857
Pos3 = 13.546875
VehiclePos1 = 1793.257568
VehiclePos2 = -2151.218261
VehiclePos3 = 13.367638
VehiclePos4 = 359.670959
VW = 62
Type = 1
