Owned = false
Owner = Drzava
Price = 0
Level = 999
Locked = false
Pos1 = 2092.243408
Pos2 = -1170.936401
Pos3 = 25.593687
VehiclePos1 = 2087.555175
VehiclePos2 = -1170.326904
VehiclePos3 = 24.972141
VehiclePos4 = 83.990287
VW = 45
Type = 1
