Owned = false
Owner = Drzava
Price = 0
Level = 999
Locked = false
Pos1 = 1113.050659
Pos2 = -732.451538
Pos3 = 100.132926
VehiclePos1 = 1108.312377
VehiclePos2 = -732.318298
VehiclePos3 = 100.269073
VehiclePos4 = 89.908386
VW = 16
Type = 2
