Owned = false
Owner = Drzava
Price = 0
Level = 999
Locked = false
Pos1 = 2076.833740
Pos2 = -970.228393
Pos3 = 49.514801
VehiclePos1 = 2076.092285
VehiclePos2 = -972.678283
VehiclePos3 = 49.165981
VehiclePos4 = 161.403793
VW = 66
Type = 1
