Owned = false
Owner = Drzava
Price = 0
Level = 999
Locked = false
Pos1 = 849.063476
Pos2 = -1527.715332
Pos3 = 12.480607
VehiclePos1 = 852.056152
VehiclePos2 = -1527.851928
VehiclePos3 = 12.647959
VehiclePos4 = 267.012054
VW = 96
Type = 2
