Owned = false
Owner = Drzava
Price = 0
Level = 999
Locked = false
Pos1 = 1991.025024
Pos2 = -1117.154785
Pos3 = 26.773735
VehiclePos1 = 1993.548217
VehiclePos2 = -1119.519653
VehiclePos3 = 26.500791
VehiclePos4 = 269.858947
VW = 44
Type = 2
