Owned = false
Owner = Drzava
Price = 0
Level = 999
Locked = false
Pos1 = 976.579101
Pos2 = -1089.612304
Pos3 = 23.939622
VehiclePos1 = 971.943481
VehiclePos2 = -1090.470336
VehiclePos3 = 24.025768
VehiclePos4 = 99.518371
VW = 42
Type = 2
