Owned = false
Owner = Drzava
Price = 0
Level = 999
Locked = false
Pos1 = 890.806457
Pos2 = -1445.656494
Pos3 = 12.517032
VehiclePos1 = 890.691711
VehiclePos2 = -1442.680419
VehiclePos3 = 12.916942
VehiclePos4 = 2.454910
VW = 92
Type = 2
