Owned = false
Owner = Drzava
Price = 0
Level = 999
Locked = false
Pos1 = 407.490020
Pos2 = -1267.322509
Pos3 = 50.019790
VehiclePos1 = 405.257507
VehiclePos2 = -1262.349243
VehiclePos3 = 50.610877
VehiclePos4 = 23.309402
VW = 34
Type = 2
