Owned = false
Owner = Drzava
Price = 0
Level = 999
Locked = false
Pos1 = 876.149169
Pos2 = -1505.231201
Pos3 = 12.509475
VehiclePos1 = 873.022216
VehiclePos2 = -1505.057617
VehiclePos3 = 12.681337
VehiclePos4 = 89.175209
VW = 94
Type = 2
