Owned = false
Owner = Drzava
Price = 0
Level = 999
Locked = false
Pos1 = 2104.565185
Pos2 = -1000.145568
Pos3 = 55.250877
VehiclePos1 = 2105.325195
VehiclePos2 = -997.144226
VehiclePos3 = 54.691459
VehiclePos4 = 347.754180
VW = 65
Type = 1
