Owned = false
Owner = Drzava
Price = 0
Level = 999
Locked = false
Pos1 = 2486.469238
Pos2 = -1244.774536
Pos3 = 31.495662
VehiclePos1 = 2486.599121
VehiclePos2 = -1247.787109
VehiclePos3 = 30.718980
VehiclePos4 = 178.139724
VW = 78
Type = 1
