Owned = false
Owner = Drzava
Price = 0
Level = 999
Locked = false
Pos1 = 1004.087097
Pos2 = -1059.031616
Pos3 = 30.601562
VehiclePos1 = 1003.976562
VehiclePos2 = -1054.578002
VehiclePos3 = 30.637296
VehiclePos4 = 0.011399
VW = 41
Type = 2
