Owned = false
Owner = Drzava
Price = 0
Level = 999
Locked = false
Pos1 = 2528.813232
Pos2 = -1209.486328
Pos3 = 50.281250
VehiclePos1 = 2527.881347
VehiclePos2 = -1211.389404
VehiclePos3 = 49.986595
VehiclePos4 = 90.949623
VW = 74
Type = 1
