Owned = false
Owner = Drzava
Price = 0
Level = 999
Locked = false
Pos1 = 2558.111816
Pos2 = -1209.053588
Pos3 = 54.531250
VehiclePos1 = 2557.301269
VehiclePos2 = -1211.153442
VehiclePos3 = 54.236530
VehiclePos4 = 89.161628
VW = 73
Type = 1
