Owned = false
Owner = Drzava
Price = 0
Level = 999
Locked = false
Pos1 = 729.067443
Pos2 = -996.917602
Pos3 = 52.734375
VehiclePos1 = 725.051513
VehiclePos2 = -994.506225
VehiclePos3 = 52.355613
VehiclePos4 = 60.139091
VW = 23
Type = 2
