Owned = false
Owner = Drzava
Price = 0
Level = 999
Locked = false
Pos1 = 1085.271606
Pos2 = -638.011474
Pos3 = 113.369369
VehiclePos1 = 1089.955566
VehiclePos2 = -637.943359
VehiclePos3 = 112.648674
VehiclePos4 = 270.833251
VW = 8
Type = 2
