Owned = false
Owner = Drzava
Price = 0
Level = 999
Locked = false
Pos1 = 1431.113281
Pos2 = -886.205566
Pos3 = 50.695312
VehiclePos1 = 1428.833740
VehiclePos2 = -882.326110
VehiclePos3 = 50.451541
VehiclePos4 = 39.020179
VW = 1
Type = 2
