Owned = false
Owner = Drzava
Price = 0
Level = 999
Locked = false
Pos1 = 1068.417236
Pos2 = -1100.364379
Pos3 = 24.460805
VehiclePos1 = 1073.622314
VehiclePos2 = -1100.346557
VehiclePos3 = 24.682435
VehiclePos4 = 270.521606
VW = 39
Type = 2
