Owned = false
Owner = Drzava
Price = 0
Level = 999
Locked = false
Pos1 = 859.483947
Pos2 = -1423.392089
Pos3 = 12.271759
VehiclePos1 = 859.498229
VehiclePos2 = -1420.690063
VehiclePos3 = 12.364665
VehiclePos4 = 358.732391
VW = 85
Type = 2
