Owned = false
Owner = Drzava
Price = 0
Level = 999
Locked = false
Pos1 = 688.395507
Pos2 = -1602.774536
Pos3 = 14.100079
VehiclePos1 = 688.457580
VehiclePos2 = -1599.999877
VehiclePos3 = 13.803127
VehiclePos4 = 358.706787
VW = 107
Type = 1
