Owned = false
Owner = Drzava
Price = 0
Level = 999
Locked = false
Pos1 = 2558.312500
Pos2 = -1197.520141
Pos3 = 60.992515
VehiclePos1 = 2558.257812
VehiclePos2 = -1193.156127
VehiclePos3 = 61.832527
VehiclePos4 = 359.016204
VW = 72
Type = 1
