Owned = false
Owner = Drzava
Price = 0
Level = 999
Locked = false
Pos1 = 275.899932
Pos2 = -1254.706542
Pos3 = 73.923255
VehiclePos1 = 280.046234
VehiclePos2 = -1251.674194
VehiclePos3 = 73.549896
VehiclePos4 = 306.427307
VW = 32
Type = 2
