Owned = false
Owner = Drzava
Price = 0
Level = 999
Locked = false
Pos1 = 795.817199
Pos2 = -837.904541
Pos3 = 60.641746
VehiclePos1 = 796.495605
VehiclePos2 = -842.088989
VehiclePos3 = 60.347164
VehiclePos4 = 190.009262
VW = 15
Type = 2
