Owned = false
Owner = Drzava
Price = 0
Level = 999
Locked = false
Pos1 = 2390.104248
Pos2 = -1709.435302
Pos3 = 13.626904
VehiclePos1 = 2390.034423
VehiclePos2 = -1714.359252
VehiclePos3 = 13.340065
VehiclePos4 = 180.193511
VW = 55
Type = 1
