Owned = false
Owner = Drzava
Price = 0
Level = 999
Locked = false
Pos1 = 2020.462768
Pos2 = -1707.911621
Pos3 = 13.546875
VehiclePos1 = 2016.486572
VehiclePos2 = -1707.427612
VehiclePos3 = 13.273955
VehiclePos4 = 89.521713
VW = 51
Type = 1
