Owned = false
Owner = Drzava
Price = 0
Level = 999
Locked = false
Pos1 = 2850.304931
Pos2 = -1328.515136
Pos3 = 11.084310
VehiclePos1 = 0.000000
VehiclePos2 = 0.000000
VehiclePos3 = 0.000000
VehiclePos4 = 0.000000
VW = 81
Type = 2
