Owned = false
Owner = Drzava
Price = 0
Level = 999
Locked = false
Pos1 = 691.293029
Pos2 = -1566.241088
Pos3 = 14.242187
VehiclePos1 = 691.353271
VehiclePos2 = -1569.121459
VehiclePos3 = 13.969268
VehiclePos4 = 179.857345
VW = 105
Type = 0
