Owned = false
Owner = Drzava
Price = 0
Level = 999
Locked = false
Pos1 = 750.397949
Pos2 = -556.781127
Pos3 = 17.343181
VehiclePos1 = 750.342956
VehiclePos2 = -553.639709
VehiclePos3 = 17.028264
VehiclePos4 = 359.074096
VW = 114
Type = 1
