Owned = false
Owner = Drzava
Price = 0
Level = 999
Locked = false
Pos1 = 844.995422
Pos2 = -603.538269
Pos3 = 18.421875
VehiclePos1 = 844.670166
VehiclePos2 = -600.390502
VehiclePos3 = 18.148956
VehiclePos4 = 0.599378
VW = 116
Type = 2
