Owned = false
Owner = Drzava
Price = 0
Level = 999
Locked = false
Pos1 = 2530.906005
Pos2 = -1244.766479
Pos3 = 38.101501
VehiclePos1 = 2530.984375
VehiclePos2 = -1248.411254
VehiclePos3 = 37.324237
VehiclePos4 = 179.038452
VW = 77
Type = 1
