Owned = false
Owner = Drzava
Price = 0
Level = 999
Locked = false
Pos1 = 2466.530273
Pos2 = -1245.351196
Pos3 = 25.948709
VehiclePos1 = 2466.398925
VehiclePos2 = -1247.942504
VehiclePos3 = 25.206640
VehiclePos4 = 177.367050
VW = 79
Type = 1
