Owned = false
Owner = Drzava
Price = 0
Level = 999
Locked = false
Pos1 = 1325.107910
Pos2 = -1794.190673
Pos3 = 13.546875
VehiclePos1 = 1322.100097
VehiclePos2 = -1794.489624
VehiclePos3 = 13.273957
VehiclePos4 = 93.430519
VW = 112
Type = 0
