Owned = false
Owner = Drzava
Price = 0
Level = 999
Locked = false
Pos1 = 1868.659667
Pos2 = -2106.518066
Pos3 = 13.563274
VehiclePos1 = 1868.497314
VehiclePos2 = -2103.620849
VehiclePos3 = 13.255362
VehiclePos4 = 1.328498
VW = 58
Type = 1
