Owned = false
Owner = Drzava
Price = 0
Level = 999
Locked = false
Pos1 = 1030.420898
Pos2 = -814.783691
Pos3 = 101.851562
VehiclePos1 = 1028.604736
VehiclePos2 = -809.730346
VehiclePos3 = 101.556137
VehiclePos4 = 19.865701
VW = 18
Type = 2
