Owned = false
Owner = Drzava
Price = 0
Level = 999
Locked = false
Pos1 = 2053.666992
Pos2 = -1636.247558
Pos3 = 13.546875
VehiclePos1 = 2059.058349
VehiclePos2 = -1636.968017
VehiclePos3 = 13.273946
VehiclePos4 = 268.452667
VW = 53
Type = 1
