Owned = false
Owner = Drzava
Price = 0
Level = 999
Locked = false
Pos1 = 695.857788
Pos2 = -1566.243774
Pos3 = 14.242187
VehiclePos1 = 695.845764
VehiclePos2 = -1569.069458
VehiclePos3 = 13.969267
VehiclePos4 = 179.269653
VW = 106
Type = 0
