Owned = false
Owner = Drzava
Price = 0
Level = 999
Locked = false
Pos1 = 543.547546
Pos2 = -1204.034057
Pos3 = 44.762210
VehiclePos1 = 541.854431
VehiclePos2 = -1199.649902
VehiclePos3 = 44.126007
VehiclePos4 = 20.511827
VW = 33
Type = 2
