Owned = false
Owner = Drzava
Price = 0
Level = 999
Locked = false
Pos1 = 813.279785
Pos2 = -1464.273681
Pos3 = 12.575649
VehiclePos1 = 808.498291
VehiclePos2 = -1464.068847
VehiclePos3 = 12.945098
VehiclePos4 = 86.401451
VW = 88
Type = 2
