Owned = false
Owner = Drzava
Price = 0
Level = 999
Locked = false
Pos1 = 831.411071
Pos2 = -891.674865
Pos3 = 68.773437
VehiclePos1 = 833.943969
VehiclePos2 = -887.931762
VehiclePos3 = 68.492965
VehiclePos4 = 325.022613
VW = 22
Type = 2
