Owned = false
Owner = Drzava
Price = 0
Level = 999
Locked = false
Pos1 = 2033.762939
Pos2 = -960.234863
Pos3 = 41.841728
VehiclePos1 = 2030.536010
VehiclePos2 = -958.005859
VehiclePos3 = 40.799926
VehiclePos4 = 101.216331
VW = 70
Type = 2
