Owned = false
Owner = Drzava
Price = 0
Level = 999
Locked = false
Pos1 = 1897.937133
Pos2 = -2106.495849
Pos3 = 13.584625
VehiclePos1 = 1897.908935
VehiclePos2 = -2103.446289
VehiclePos3 = 13.271295
VehiclePos4 = 359.728485
VW = 60
Type = 1
