Owned = false
Owner = Drzava
Price = 0
Level = 999
Locked = false
Pos1 = 2017.571899
Pos2 = -1737.348876
Pos3 = 13.546875
VehiclePos1 = 2013.490966
VehiclePos2 = -1737.314086
VehiclePos3 = 13.279710
VehiclePos4 = 90.889083
VW = 52
Type = 1
