Owned = false
Owner = Drzava
Price = 0
Level = 999
Locked = false
Pos1 = 814.765258
Pos2 = -1505.158691
Pos3 = 12.576758
VehiclePos1 = 814.842712
VehiclePos2 = -1502.113647
VehiclePos3 = 12.657523
VehiclePos4 = 357.252136
VW = 97
Type = 2
