Owned = false
Owner = Drzava
Price = 0
Level = 999
Locked = false
Pos1 = 836.989501
Pos2 = -1554.192626
Pos3 = 13.447636
VehiclePos1 = 836.843933
VehiclePos2 = -1551.152832
VehiclePos3 = 13.206141
VehiclePos4 = 0.980762
VW = 98
Type = 0
