Owned = false
Owner = Drzava
Price = 0
Level = 999
Locked = false
Pos1 = 763.022155
Pos2 = -503.481903
Pos3 = 17.343181
VehiclePos1 = 762.875549
VehiclePos2 = -508.626647
VehiclePos3 = 16.950246
VehiclePos4 = 180.034332
VW = 118
Type = 1
