Owned = false
Owner = Drzava
Price = 0
Level = 999
Locked = false
Pos1 = 810.505737
Pos2 = -768.754028
Pos3 = 76.531364
VehiclePos1 = 813.921752
VehiclePos2 = -767.988037
VehiclePos3 = 76.493003
VehiclePos4 = 285.916809
VW = 14
Type = 2
