Owned = false
Owner = Drzava
Price = 0
Level = 999
Locked = false
Pos1 = 980.941772
Pos2 = -833.458496
Pos3 = 95.468574
VehiclePos1 = 978.727294
VehiclePos2 = -829.597595
VehiclePos3 = 95.525360
VehiclePos4 = 28.479635
VW = 19
Type = 2
