Owned = false
Owner = Drzava
Price = 0
Level = 999
Locked = false
Pos1 = 1877.365478
Pos2 = -2097.118408
Pos3 = 13.528335
VehiclePos1 = 1877.593627
VehiclePos2 = -2099.849853
VehiclePos3 = 13.245384
VehiclePos4 = 182.727783
VW = 59
Type = 1
