Owned = false
Owner = Drzava
Price = 0
Level = 999
Locked = false
Pos1 = 662.947021
Pos2 = -1424.320922
Pos3 = 14.858690
VehiclePos1 = 662.867004
VehiclePos2 = -1420.827026
VehiclePos3 = 14.288675
VehiclePos4 = 0.646707
VW = 101
Type = 2
