Owned = false
Owner = Drzava
Price = 0
Level = 999
Locked = false
Pos1 = 1847.136474
Pos2 = -2105.716308
Pos3 = 13.543982
VehiclePos1 = 1847.116577
VehiclePos2 = -2102.668701
VehiclePos3 = 13.248323
VehiclePos4 = 0.385133
VW = 56
Type = 1
