Owned = false
Owner = Drzava
Price = 0
Level = 999
Locked = false
Pos1 = 479.618164
Pos2 = -1094.451171
Pos3 = 82.359191
VehiclePos1 = 479.730133
VehiclePos2 = -1089.613891
VehiclePos3 = 82.170852
VehiclePos4 = 358.122009
VW = 28
Type = 2
