Owned = false
Owner = Drzava
Price = 0
Level = 999
Locked = false
Pos1 = 1039.630249
Pos2 = -643.915527
Pos3 = 120.117187
VehiclePos1 = 1038.894653
VehiclePos2 = -639.844055
VehiclePos3 = 119.822494
VehiclePos4 = 9.997698
VW = 9
Type = 2
