Owned = false
Owner = Drzava
Price = 0
Level = 999
Locked = false
Pos1 = 567.736450
Pos2 = -1071.992919
Pos3 = 72.921989
VehiclePos1 = 565.079284
VehiclePos2 = -1067.408203
VehiclePos3 = 73.168304
VehiclePos4 = 29.682365
VW = 29
Type = 2
