Owned = false
Owner = Drzava
Price = 0
Level = 999
Locked = false
Pos1 = 896.366699
Pos2 = -780.914733
Pos3 = 101.329185
VehiclePos1 = 899.939758
VehiclePos2 = -777.448852
VehiclePos3 = 101.061981
VehiclePos4 = 293.218597
VW = 13
Type = 2
