Owned = false
Owner = Drzava
Price = 0
Level = 999
Locked = false
Pos1 = 651.751647
Pos2 = -1513.727050
Pos3 = 14.851562
VehiclePos1 = 648.813781
VehiclePos2 = -1513.679809
VehiclePos3 = 14.659833
VehiclePos4 = 88.641143
VW = 103
Type = 2
