Owned = false
Owner = Drzava
Price = 0
Level = 999
Locked = false
Pos1 = 814.112609
Pos2 = -1448.860961
Pos3 = 12.557464
VehiclePos1 = 811.274780
VehiclePos2 = -1448.572021
VehiclePos3 = 12.666430
VehiclePos4 = 87.644363
VW = 87
Type = 2
