Owned = false
Owner = Drzava
Price = 0
Level = 999
Locked = false
Pos1 = 2825.341796
Pos2 = -1167.704345
Pos3 = 25.256637
VehiclePos1 = 2830.547607
VehiclePos2 = -1167.413085
VehiclePos3 = 24.643516
VehiclePos4 = 271.795166
VW = 84
Type = 2
