Owned = false
Owner = Drzava
Price = 0
Level = 999
Locked = false
Pos1 = 691.372131
Pos2 = -1075.726928
Pos3 = 49.421691
VehiclePos1 = 687.147644
VehiclePos2 = -1073.184692
VehiclePos3 = 49.236942
VehiclePos4 = 59.593978
VW = 24
Type = 2
