Owned = false
Owner = Drzava
Price = 0
Level = 999
Locked = false
Pos1 = 827.375061
Pos2 = -492.000457
Pos3 = 17.328125
VehiclePos1 = 827.302612
VehiclePos2 = -494.852752
VehiclePos3 = 17.055187
VehiclePos4 = 179.048782
VW = 119
Type = 1
