Owned = false
Owner = Drzava
Price = 0
Level = 999
Locked = false
Pos1 = 1535.056274
Pos2 = -813.636596
Pos3 = 72.203613
VehiclePos1 = 1531.002929
VehiclePos2 = -813.589660
VehiclePos3 = 71.703933
VehiclePos4 = 89.913513
VW = 4
Type = 2
