Owned = false
Owner = Drzava
Price = 0
Level = 999
Locked = false
Pos1 = 2547.167480
Pos2 = -1244.768066
Pos3 = 42.581039
VehiclePos1 = 2547.496093
VehiclePos2 = -1247.678955
VehiclePos3 = 41.939403
VehiclePos4 = 190.519058
VW = 76
Type = 1
