Owned = false
Owner = Drzava
Price = 0
Level = 999
Locked = false
Pos1 = 1758.378051
Pos2 = -2145.240478
Pos3 = 13.546875
VehiclePos1 = 1755.551147
VehiclePos2 = -2145.107177
VehiclePos3 = 13.251491
VehiclePos4 = 88.772201
VW = 63
Type = 1
