Owned = false
Owner = Drzava
Price = 0
Level = 999
Locked = false
Pos1 = 408.700958
Pos2 = -1148.703247
Pos3 = 76.687614
VehiclePos1 = 405.627197
VehiclePos2 = -1153.432373
VehiclePos3 = 76.978744
VehiclePos4 = 148.978881
VW = 27
Type = 2
