Owned = false
Owner = Drzava
Price = 0
Level = 999
Locked = false
Pos1 = 2037.192504
Pos2 = -992.910705
Pos3 = 41.220115
VehiclePos1 = 2036.790405
VehiclePos2 = -991.165039
VehiclePos3 = 40.511413
VehiclePos4 = 71.014030
VW = 69
Type = 0
