Owned = false
Owner = Drzava
Price = 0
Level = 999
Locked = false
Pos1 = 657.228515
Pos2 = -1657.183349
Pos3 = 14.402851
VehiclePos1 = 654.428344
VehiclePos2 = -1657.024047
VehiclePos3 = 14.271561
VehiclePos4 = 87.762207
VW = 108
Type = 1
