Owned = false
Owner = Drzava
Price = 0
Level = 999
Locked = false
Pos1 = 1068.418090
Pos2 = -1056.831787
Pos3 = 30.622453
VehiclePos1 = 1072.777343
VehiclePos2 = -1056.603149
VehiclePos3 = 30.246006
VehiclePos4 = 273.333251
VW = 38
Type = 2
