Owned = false
Owner = Drzava
Price = 0
Level = 999
Locked = false
Pos1 = 903.391235
Pos2 = -1505.247802
Pos3 = 12.520370
VehiclePos1 = 909.452758
VehiclePos2 = -1505.213745
VehiclePos3 = 13.270505
VehiclePos4 = 270.792358
VW = 95
Type = 2
