Owned = false
Owner = Drzava
Price = 0
Level = 999
Locked = false
Pos1 = 890.799438
Pos2 = -1472.798217
Pos3 = 12.488718
VehiclePos1 = 890.835449
VehiclePos2 = -1475.676025
VehiclePos3 = 12.643610
VehiclePos4 = 179.974853
VW = 90
Type = 2
