Owned = false
Owner = Drzava
Price = 0
Level = 999
Locked = false
Pos1 = 686.539978
Pos2 = -1566.240844
Pos3 = 14.242187
VehiclePos1 = 686.559753
VehiclePos2 = -1569.151733
VehiclePos3 = 13.969259
VehiclePos4 = 180.000000
VW = 104
Type = 0
