Owned = false
Owner = Drzava
Price = 0
Level = 999
Locked = false
Pos1 = 1040.776977
Pos2 = -1059.458374
Pos3 = 31.703125
VehiclePos1 = 1040.798461
VehiclePos2 = -1054.258056
VehiclePos3 = 31.430204
VehiclePos4 = 359.158142
VW = 40
Type = 2
