Owned = false
Owner = Drzava
Price = 0
Level = 999
Locked = false
Pos1 = 911.087158
Pos2 = -829.862426
Pos3 = 92.037162
VehiclePos1 = 912.981018
VehiclePos2 = -833.594177
VehiclePos3 = 92.283393
VehiclePos4 = 207.415130
VW = 21
Type = 2
