Owned = false
Owner = Drzava
Price = 0
Level = 999
Locked = false
Pos1 = 893.961608
Pos2 = -1514.611694
Pos3 = 12.510630
VehiclePos1 = 894.026855
VehiclePos2 = -1517.503417
VehiclePos3 = 12.654606
VehiclePos4 = 183.317306
VW = 93
Type = 2
