Owned = false
Owner = Drzava
Price = 0
Level = 999
Locked = false
Pos1 = 907.862854
Pos2 = -662.376098
Pos3 = 116.890441
VehiclePos1 = 911.460388
VehiclePos2 = -664.975769
VehiclePos3 = 116.665901
VehiclePos4 = 235.996093
VW = 11
Type = 2
