Owned = false
Owner = Drzava
Price = 0
Level = 999
Locked = false
Pos1 = 2324.661621
Pos2 = -1677.214843
Pos3 = 14.421875
VehiclePos1 = 2328.509521
VehiclePos2 = -1677.539794
VehiclePos3 = 14.151914
VehiclePos4 = 269.000823
VW = 54
Type = 1
