Owned = false
Owner = Drzava
Price = 0
Level = 999
Locked = false
Pos1 = 844.640869
Pos2 = -1423.360473
Pos3 = 12.286149
VehiclePos1 = 844.782592
VehiclePos2 = -1418.655273
VehiclePos3 = 12.708276
VehiclePos4 = 0.000000
VW = 86
Type = 2
