Owned = false
Owner = Drzava
Price = 0
Level = 999
Locked = false
Pos1 = 814.912170
Pos2 = -1554.189697
Pos3 = 13.576977
VehiclePos1 = 814.920837
VehiclePos2 = -1551.186889
VehiclePos3 = 13.279028
VehiclePos4 = 359.532684
VW = 100
Type = 0
