Owned = false
Owner = Drzava
Price = 0
Level = 999
Locked = false
Pos1 = 2842.743408
Pos2 = -1285.634399
Pos3 = 19.292276
VehiclePos1 = 2844.315917
VehiclePos2 = -1283.495361
VehiclePos3 = 19.269561
VehiclePos4 = 193.095321
VW = 82
Type = 2
