Owned = false
Owner = Drzava
Price = 0
Level = 999
Locked = false
Pos1 = 1024.927124
Pos2 = -774.259338
Pos3 = 102.949798
VehiclePos1 = 1024.779785
VehiclePos2 = -778.013854
VehiclePos3 = 102.824340
VehiclePos4 = 178.881317
VW = 17
Type = 2
