Owned = false
Owner = Drzava
Price = 0
Level = 999
Locked = false
Pos1 = 282.891113
Pos2 = -1155.973022
Pos3 = 80.914062
VehiclePos1 = 286.342926
VehiclePos2 = -1159.440063
VehiclePos3 = 80.638038
VehiclePos4 = 224.213790
VW = 31
Type = 2
