Owned = false
Owner = Drzava
Price = 0
Level = 999
Locked = false
Pos1 = 771.855834
Pos2 = -556.782043
Pos3 = 17.343181
VehiclePos1 = 771.936767
VehiclePos2 = -553.711791
VehiclePos3 = 17.031026
VehiclePos4 = 359.819732
VW = 115
Type = 1
