Owned = false
Owner = Drzava
Price = 0
Level = 999
Locked = false
Pos1 = 2196.280273
Pos2 = -1273.380737
Pos3 = 24.545783
VehiclePos1 = 2196.205566
VehiclePos2 = -1278.189086
VehiclePos3 = 24.242210
VehiclePos4 = 180.080627
VW = 47
Type = 1
