Owned = false
Owner = Drzava
Price = 0
Level = 999
Locked = false
Pos1 = 2158.367431
Pos2 = -1267.394287
Pos3 = 23.983860
VehiclePos1 = 2163.615234
VehiclePos2 = -1267.185302
VehiclePos3 = 23.622798
VehiclePos4 = 272.416351
VW = 48
Type = 0
