Owned = false
Owner = Drzava
Price = 0
Level = 999
Locked = false
Pos1 = 758.521484
Pos2 = -581.827819
Pos3 = 17.328125
VehiclePos1 = 755.677001
VehiclePos2 = -581.935852
VehiclePos3 = 17.059104
VehiclePos4 = 90.035957
VW = 113
Type = 1
