Owned = false
Owner = Drzava
Price = 0
Level = 999
Locked = false
Pos1 = 1520.193115
Pos2 = -691.679931
Pos3 = 94.750000
VehiclePos1 = 1515.560913
VehiclePos2 = -691.800903
VehiclePos3 = 94.455017
VehiclePos4 = 91.888343
VW = 6
Type = 2
