Owned = false
Owner = Drzava
Price = 0
Level = 999
Locked = false
Pos1 = 2095.681884
Pos2 = -1275.615478
Pos3 = 25.492553
VehiclePos1 = 2095.501953
VehiclePos2 = -1280.237548
VehiclePos3 = 25.177774
VehiclePos4 = 179.288131
VW = 49
Type = 1
