Owned = false
Owner = Drzava
Price = 0
Level = 999
Locked = false
Pos1 = 848.760253
Pos2 = -1471.674560
Pos3 = 12.582126
VehiclePos1 = 848.784484
VehiclePos2 = -1474.989379
VehiclePos3 = 12.708209
VehiclePos4 = 178.443267
VW = 89
Type = 2
