Owned = false
Owner = Drzava
Price = 0
Level = 999
Locked = false
Pos1 = 849.908386
Pos2 = -1512.311157
Pos3 = 12.494322
VehiclePos1 = 855.201660
VehiclePos2 = -1512.546752
VehiclePos3 = 12.953027
VehiclePos4 = 267.693695
VW = 99
Type = 2
