Owned = false
Owner = Drzava
Price = 0
Level = 999
Locked = false
Pos1 = 1712.306396
Pos2 = -2145.195068
Pos3 = 13.546875
VehiclePos1 = 1709.462402
VehiclePos2 = -2145.207275
VehiclePos3 = 13.251824
VehiclePos4 = 88.934158
VW = 64
Type = 1
