Owned = false
Owner = Drzava
Price = 0
Level = 999
Locked = false
Pos1 = 1910.576660
Pos2 = -1112.943481
Pos3 = 25.664100
VehiclePos1 = 1910.536132
VehiclePos2 = -1117.406372
VehiclePos3 = 25.431051
VehiclePos4 = 180.000000
VW = 43
Type = 1
