Owned = false
Owner = Drzava
Price = 0
Level = 999
Locked = false
Pos1 = 1460.445190
Pos2 = -628.986877
Pos3 = 95.718566
VehiclePos1 = 1460.274536
VehiclePos2 = -633.658630
VehiclePos3 = 95.502441
VehiclePos4 = 179.507583
VW = 7
Type = 2
