Owned = false
Owner = Drzava
Price = 0
Level = 999
Locked = false
Pos1 = 618.098083
Pos2 = -1100.001586
Pos3 = 46.765625
VehiclePos1 = 620.559631
VehiclePos2 = -1103.595825
VehiclePos3 = 46.410629
VehiclePos4 = 216.011367
VW = 26
Type = 2
