Owned = false
Owner = Drzava
Price = 0
Level = 999
Locked = false
Pos1 = 2224.985351
Pos2 = -1243.828369
Pos3 = 25.374214
VehiclePos1 = 2224.122070
VehiclePos2 = -1238.682617
VehiclePos3 = 24.675088
VehiclePos4 = 359.371582
VW = 46
Type = 1
