Owned = false
Owner = Drzava
Price = 0
Level = 999
Locked = false
Pos1 = 638.918640
Pos2 = -1124.749389
Pos3 = 44.207038
VehiclePos1 = 634.479492
VehiclePos2 = -1120.304077
VehiclePos3 = 45.115455
VehiclePos4 = 46.377109
VW = 25
Type = 2
