Owned = false
Owner = Drzava
Price = 0
Level = 999
Locked = false
Pos1 = 2029.650390
Pos2 = -1648.404418
Pos3 = 13.554683
VehiclePos1 = 2024.396606
VehiclePos2 = -1648.448364
VehiclePos3 = 13.281746
VehiclePos4 = 90.833892
VW = 50
Type = 1
