Owned = false
Owner = Drzava
Price = 0
Level = 999
Locked = false
Pos1 = 900.189453
Pos2 = -1455.042236
Pos3 = 12.513680
VehiclePos1 = 903.261840
VehiclePos2 = -1454.939208
VehiclePos3 = 12.688738
VehiclePos4 = 269.566711
VW = 91
Type = 2
