Owned = false
Owner = Drzava
Price = 0
Level = 999
Locked = false
Pos1 = 2399.653320
Pos2 = -1131.319580
Pos3 = 30.123512
VehiclePos1 = 2399.665283
VehiclePos2 = -1134.220214
VehiclePos3 = 29.830554
VehiclePos4 = 180.657165
VW = 71
Type = 1
