Owned = false
Owner = Drzava
Price = 0
Level = 999
Locked = false
Pos1 = 1898.950927
Pos2 = -2097.831298
Pos3 = 13.487275
VehiclePos1 = 1899.149658
VehiclePos2 = -2100.509521
VehiclePos3 = 13.233827
VehiclePos4 = 181.368408
VW = 61
Type = 1
