Owned = false
Owner = Drzava
Price = 0
Level = 999
Locked = false
Pos1 = 651.751708
Pos2 = -1466.544921
Pos3 = 14.851562
VehiclePos1 = 648.536499
VehiclePos2 = -1466.385131
VehiclePos3 = 14.416045
VehiclePos4 = 89.121688
VW = 102
Type = 2
