Owned = false
Owner = Drzava
Price = 0
Level = 999
Locked = false
Pos1 = 1518.280151
Pos2 = -763.081359
Pos3 = 79.930023
VehiclePos1 = 1514.757324
VehiclePos2 = -766.618286
VehiclePos3 = 79.967071
VehiclePos4 = 135.610412
VW = 5
Type = 2
