Owned = false
Owner = Drzava
Price = 0
Level = 999
Locked = false
Pos1 = 863.405944
Pos2 = -715.630981
Pos3 = 105.679687
VehiclePos1 = 865.367065
VehiclePos2 = -711.675231
VehiclePos3 = 105.383773
VehiclePos4 = 334.498565
VW = 12
Type = 2
