Owned = false
Owner = Drzava
Price = 0
Level = 999
Locked = false
Pos1 = 2054.957275
Pos2 = -967.220214
Pos3 = 45.994743
VehiclePos1 = 2054.419921
VehiclePos2 = -970.003295
VehiclePos3 = 45.369667
VehiclePos4 = 171.962112
VW = 68
Type = 1
