Owned = false
Owner = Drzava
Price = 0
Level = 999
Locked = false
Pos1 = 2825.341552
Pos2 = -1198.734497
Pos3 = 25.143730
VehiclePos1 = 2828.655029
VehiclePos2 = -1198.326660
VehiclePos3 = 24.473661
VehiclePos4 = 0.187702
VW = 83
Type = 2
