Owned = false
Owner = Drzava
Price = 0
Level = 999
Locked = false
Pos1 = 2852.045898
Pos2 = -1355.616333
Pos3 = 11.062500
VehiclePos1 = 2855.354492
VehiclePos2 = -1355.279907
VehiclePos3 = 10.773786
VehiclePos4 = 271.589843
VW = 80
Type = 2
