Owned = false
Owner = Drzava
Price = 0
Level = 999
Locked = false
Pos1 = 1848.099853
Pos2 = -2097.369384
Pos3 = 13.546875
VehiclePos1 = 1848.133422
VehiclePos2 = -2100.072998
VehiclePos3 = 13.253273
VehiclePos4 = 180.993621
VW = 57
Type = 1
