Owned = false
Owner = Drzava
Price = 0
Level = 999
Locked = false
Pos1 = 2058.651123
Pos2 = -990.105712
Pos3 = 47.081996
VehiclePos1 = 2058.737548
VehiclePos2 = -987.247985
VehiclePos3 = 46.355266
VehiclePos4 = 357.603424
VW = 67
Type = 1
