Owned = false
Owner = Drzava
Price = 0
Level = 999
Locked = false
Pos1 = 1540.877563
Pos2 = -841.656311
Pos3 = 64.336059
VehiclePos1 = 1536.066406
VehiclePos2 = -841.553344
VehiclePos3 = 64.481651
VehiclePos4 = 89.814140
VW = 3
Type = 2
