Owned = false
Owner = Drzava
Price = 0
Level = 999
Locked = false
Pos1 = 1011.187927
Pos2 = -664.646179
Pos3 = 121.138969
VehiclePos1 = 1009.074890
VehiclePos2 = -661.234863
VehiclePos3 = 120.849914
VehiclePos4 = 32.219501
VW = 10
Type = 2
