Owned = false
Owner = Drzava
Price = 0
Level = 999
Locked = false
Pos1 = 891.460388
Pos2 = -1801.116333
Pos3 = 13.799437
VehiclePos1 = 891.688293
VehiclePos2 = -1797.737915
VehiclePos3 = 13.402008
VehiclePos4 = 354.546417
VW = 110
Type = 1
