Owned = false
Owner = Drzava
Price = 0
Level = 999
Locked = false
Pos1 = 1108.234619
Pos2 = -1021.013488
Pos3 = 31.890625
VehiclePos1 = 1108.193969
VehiclePos2 = -1025.937500
VehiclePos3 = 31.662168
VehiclePos4 = 180.589370
VW = 37
Type = 2
