Owned = false
Owner = Drzava
Price = 0
Level = 999
Locked = false
Pos1 = 348.858154
Pos2 = -1200.915649
Pos3 = 76.515625
VehiclePos1 = 345.721832
VehiclePos2 = -1197.279052
VehiclePos3 = 76.242706
VehiclePos4 = 40.007591
VW = 30
Type = 2
