Owned = false
Owner = Drzava
Price = 0
Level = 999
Locked = false
Pos1 = 1463.877197
Pos2 = -906.153503
Pos3 = 54.835937
VehiclePos1 = 1463.911621
VehiclePos2 = -901.120727
VehiclePos3 = 54.541366
VehiclePos4 = 359.635772
VW = 2
Type = 2
