Owned = false
Owner = Drzava
Price = 0
Level = 0
MaxX = 654.745666
MinX = 654.631347
MaxY = -1748.379394
MinY = -1752.304077
StalkNumber = 0
fieldObjectPosX = 0.000000
fieldObjectPosY = 0.000000
fieldObjectPosZ = 0.000000
fieldObjectPosRX = 0.000000
fieldObjectPosRY = 0.000000
fieldObjectPosRZ = 0.000000
