Owned = false
Owner = Drzava
Price = 0
Level = 0
MaxX = 1317.840698
MinX = 1314.854614
MaxY = -1147.393554
MinY = -1149.610229
StalkNumber = 0
fieldObjectPosX = 0.000000
fieldObjectPosY = 0.000000
fieldObjectPosZ = 0.000000
fieldObjectPosRX = 0.000000
fieldObjectPosRY = 0.000000
fieldObjectPosRZ = 0.000000
