Vlasnik = Niko
Novac = 0
Masine = 1
UlazX = 2325.964843
UlazY = -1743.757812
UlazZ = 13.546875
IzlazX = 2318.501953
IzlazY = -1786.469726
IzlazZ = 1600.751953
Pokvareno = 0
