Vlasnik = V01D
Novac = 4
Masine = 1
UlazX = 2330.980224
UlazY = -1743.520996
UlazZ = 13.546875
IzlazX = 2318.501953
IzlazY = -1786.469726
IzlazZ = 1600.751953
Pokvareno = 0
