Vlasnik = Niko
Novac = 0
Masine = 1
UlazX = 2755.525878
UlazY = -2415.777343
UlazZ = 13.510583
IzlazX = 2318.501953
IzlazY = -1786.469726
IzlazZ = 1600.751953
Pokvareno = 0
