Vlasnik = V01D
Novac = 0
Masine = 2
UlazX = 2748.683593
UlazY = -2409.354003
UlazZ = 13.462182
IzlazX = 2318.501953
IzlazY = -1786.469726
IzlazZ = 1600.751953
Pokvareno = 1
