[Informacije]
Kupljen = 0
Cena = 99999999
Vlasnik = Drzava
Tip = 24
Zakljucana = 0
Novac = 0
UlazX = 2360.882080
UlazY = -1798.405517
UlazZ = 13.336272
IzasaoX = 1141.371459
IzasaoY = -50.783199
IzasaoZ = 996.520812
Int = 0
VW = 0
Uinterioru = 0
Produkti = 100
PProdukti = 0
CenaProdukta = 0
Uvw = 0
Ime = Casino
Level = 5
JobID = 0
Neaktivnost = 0
