[Informacije]
Kupljen = 0
Cena = 500000
Vlasnik = Drzava
Tip = 1
Zakljucana = 0
Novac = 500
UlazX = 1319.784301
UlazY = -1807.806518
UlazZ = 13.546875
IzasaoX = -30.907600
IzasaoY = -92.010398
IzasaoZ = 1003.546875
Int = 0
VW = 0
Uinterioru = 18
Produkti = 98
PProdukti = 0
CenaProdukta = 0
Uvw = 2
Ime = Prodavnica 24/7
Level = 5
JobID = 0
Neaktivnost = 0
