[Informacije]
Kupljen = 0
Cena = 1000000
Vlasnik = Drzava
Tip = 9
Zakljucana = 0
Novac = 11500
UlazX = 2785.041259
UlazY = -2410.781494
UlazZ = 13.634329
IzasaoX = 2036.601074
IzasaoY = -1883.593383
IzasaoZ = 999.908020
Int = 0
VW = 0
Uinterioru = 0
Produkti = 91
PProdukti = 0
CenaProdukta = 0
Uvw = 4
Ime = Gun Shop
Level = 10
JobID = 0
Neaktivnost = 0
