[Informacije]
Kupljen = 0
Cena = 0
Vlasnik = Drzava
Tip = 0
Zakljucana = 0
Novac = 0
UlazX = 2770.261474
UlazY = -2424.793212
UlazZ = 13.646023
IzasaoX = 0.000000
IzasaoY = 0.000000
IzasaoZ = 0.000000
Int = 0
VW = 0
Uinterioru = 0
Produkti = 100
PProdukti = 0
CenaProdukta = 0
Uvw = 0
Ime = 
Level = 5
JobID = 0
Neaktivnost = 0
