[Informacije]
Kupljen = 0
Cena = 450000
Vlasnik = Drzava
Tip = 5
Zakljucana = 0
Novac = 0
UlazX = 997.132446
UlazY = -949.603576
UlazZ = 42.042522
IzasaoX = 207.720397
IzasaoY = -110.546401
IzasaoZ = 1005.132812
Int = 0
VW = 0
Uinterioru = 15
Produkti = 100
PProdukti = 0
CenaProdukta = 0
Uvw = 6
Ime = Binco
Level = 5
JobID = 0
Neaktivnost = 0
