[Informacije]
Kupljen = 0
Cena = 500000
Vlasnik = Drzava
Tip = 1
Zakljucana = 0
Novac = 1850
UlazX = 2311.447509
UlazY = -1741.622192
UlazZ = 13.382807
IzasaoX = -30.907600
IzasaoY = -92.010398
IzasaoZ = 1003.546875
Int = 0
VW = 0
Uinterioru = 18
Produkti = 74
PProdukti = 0
CenaProdukta = 0
Uvw = 7
Ime = Prodavnica 24/7
Level = 5
JobID = 0
Neaktivnost = 0
