[Informacije]
Kupljen = 0
Cena = 99999999
Vlasnik = Drzava
Tip = 24
Zakljucana = 0
Novac = 1000
UlazX = 1022.288269
UlazY = -1121.789794
UlazZ = 23.871671
IzasaoX = 1141.371459
IzasaoY = -50.783199
IzasaoZ = 996.520812
Int = 0
VW = 0
Uinterioru = 0
Produkti = 100
PProdukti = 0
CenaProdukta = 0
Uvw = 0
Ime = Casino
Level = 5
JobID = 0
Neaktivnost = 0
