[Informacije]
Kupljen = 0
Cena = 500000
Vlasnik = Drzava
Tip = 1
Zakljucana = 0
Novac = 0
UlazX = 1318.924316
UlazY = -896.452880
UlazZ = 39.582172
IzasaoX = -30.907600
IzasaoY = -92.010398
IzasaoZ = 1003.546875
Int = 0
VW = 0
Uinterioru = 18
Produkti = 100
PProdukti = 0
CenaProdukta = 0
Uvw = 9
Ime = Prodavnica 24/7
Level = 5
JobID = 0
Neaktivnost = 0
