Taken = false
Takeable = true
GangID = -1
Time = 0
MaxX = 2356.661132
MinX = 2222.415771
MaxY = -1636.679321
MinY = -1723.772216
Color = FF2244
PickupPosX = 2282.135009
PickupPosY = -1678.227416
PickupPosZ = 14.491747
Vrsta = 1
