Taken = false
Takeable = true
GangID = -1
Time = 0
MaxX = 1263.348388
MinX = 803.038085
MaxY = 3697.289062
MinY = 3016.194335
Color = FF2244
PickupPosX = 1156.867309
PickupPosY = 3492.020751
PickupPosZ = 63.156036
Vrsta = 2
