[Informacije]
par1ID0 = 37
par2ID0 = 35
Rezultat10 = 3
Rezultat20 = 2
Kvota0 = 2.400000
HourPobeda0 = 30.7.2022 19:30
par1ID1 = 39
par2ID1 = 15
Rezultat11 = 1
Rezultat21 = 3
Kvota1 = 2.799999
HourPobeda1 = 30.7.2022 19:30
par1ID2 = 16
par2ID2 = 18
Rezultat12 = 3
Rezultat22 = 3
Kvota2 = 2.400000
HourPobeda2 = 30.7.2022 19:30
par1ID3 = 1
par2ID3 = 1
Rezultat13 = 3
Rezultat23 = 3
Kvota3 = 3.000000
HourPobeda3 = 30.7.2022 19:30
par1ID4 = 2
par2ID4 = 30
Rezultat14 = 2
Rezultat24 = 0
Kvota4 = 2.400000
HourPobeda4 = 30.7.2022 19:30
par1ID5 = 24
par2ID5 = 8
Rezultat15 = 2
Rezultat25 = 2
Kvota5 = 3.000000
HourPobeda5 = 30.7.2022 19:30
par1ID6 = 42
par2ID6 = 10
Rezultat16 = 3
Rezultat26 = 5
Kvota6 = 2.000000
HourPobeda6 = 30.7.2022 19:30
par1ID7 = 21
par2ID7 = 38
Rezultat17 = 2
Rezultat27 = 1
Kvota7 = 2.400000
HourPobeda7 = 30.7.2022 19:30
par1ID8 = 32
par2ID8 = 26
Rezultat18 = 2
Rezultat28 = 2
Kvota8 = 3.000000
HourPobeda8 = 30.7.2022 19:30
par1ID9 = 27
par2ID9 = 17
Rezultat19 = 3
Rezultat29 = 2
Kvota9 = 2.200000
HourPobeda9 = 30.7.2022 19:30
