Owner = Bane
Model = 980
For = 2
OrgID = -1
Speed = 2.000000
Radius = 8.000000
Time = 7000
Pos1 = 786.048767
Pos2 = -1152.545288
Pos3 = 25.176485
Pos4 = 0.000000
Pos5 = 0.000000
Pos6 = -90.347602
Interior = 0
World = 0
Move1 = 786.048767
Move2 = -1152.545288
Move3 = 18.616474
Move4 = 0.000000
Move5 = 0.000000
Move6 = -90.347602
