Owner = 
Model = 971
For = 1
OrgID = 16
Speed = 2.000000
Radius = 8.000000
Time = 7000
Pos1 = 670.895935
Pos2 = -475.128753
Pos3 = 18.355955
Pos4 = 0.000000
Pos5 = 0.000000
Pos6 = 359.327117
Interior = 0
World = 0
Move1 = 670.895935
Move2 = -475.128753
Move3 = 10.545925
Move4 = 0.000000
Move5 = 0.000000
Move6 = 359.327117
