Owner = 
Model = 980
For = 1
OrgID = 5
Speed = 6.000000
Radius = 8.000000
Time = 6000
Pos1 = 1026.097045
Pos2 = -2063.550537
Pos3 = 14.872260
Pos4 = 0.000000
Pos5 = 0.000000
Pos6 = 79.851013
Interior = 0
World = 0
Move1 = 1026.097045
Move2 = -2063.550537
Move3 = 7.462229
Move4 = 0.000000
Move5 = 0.000000
Move6 = 79.851013
