Owner = 
Model = 971
For = 1
OrgID = 20
Speed = 2.000000
Radius = 8.000000
Time = 7000
Pos1 = 2847.370849
Pos2 = -1531.301757
Pos3 = 11.369072
Pos4 = 0.000000
Pos5 = 0.000000
Pos6 = -0.064654
Interior = 0
World = 0
Move1 = 2847.370849
Move2 = -1531.301757
Move3 = 3.539073
Move4 = 0.000000
Move5 = 0.000000
Move6 = -0.064654
