Owner = Dimi
Model = 7392
For = 2
OrgID = -1
Speed = 2.000000
Radius = 8.000000
Time = 7000
Pos1 = 685.368774
Pos2 = -1260.504638
Pos3 = 23.960420
Pos4 = 0.099999
Pos5 = -0.499999
Pos6 = -5.078366
Interior = 0
World = 0
Move1 = 685.368774
Move2 = -1260.504638
Move3 = 23.960420
Move4 = 0.099999
Move5 = -0.499999
Move6 = -5.078366
