Owner = tkd
Model = 19430
For = 1
OrgID = 9
Speed = 10.000000
Radius = 8.000000
Time = 25000
Pos1 = 3164.495361
Pos2 = -644.022888
Pos3 = 17.394136
Pos4 = 0.000000
Pos5 = -90.100028
Pos6 = 0.222935
Interior = 0
World = 0
Move1 = 3164.524658
Move2 = -644.022888
Move3 = 1.054164
Move4 = 0.000000
Move5 = -90.100028
Move6 = 0.222935
