Owner = 
Model = 971
For = 1
OrgID = 16
Speed = 2.000000
Radius = 8.000000
Time = 7000
Pos1 = 694.012573
Pos2 = -474.896453
Pos3 = 18.335956
Pos4 = 0.000000
Pos5 = 0.000000
Pos6 = 359.006530
Interior = 0
World = 0
Move1 = 694.012573
Move2 = -474.896453
Move3 = 9.115943
Move4 = 0.000000
Move5 = 0.000000
Move6 = 359.006530
