Owner = 
Model = 980
For = 1
OrgID = 4
Speed = 2.000000
Radius = 8.000000
Time = 7000
Pos1 = 771.519714
Pos2 = -1330.327880
Pos3 = 14.959006
Pos4 = 0.000000
Pos5 = 0.000000
Pos6 = -1.198320
Interior = 0
World = 0
Move1 = 771.519714
Move2 = -1330.327880
Move3 = 9.409004
Move4 = 0.000000
Move5 = 0.000000
Move6 = -1.198320
