Owner = 
Model = 976
For = 1
OrgID = 9
Speed = 2.000000
Radius = 8.000000
Time = 7000
Pos1 = 2176.798828
Pos2 = -1349.565185
Pos3 = 23.133304
Pos4 = 1.899999
Pos5 = 0.000000
Pos6 = 90.330169
Interior = 0
World = 0
Move1 = 2176.752929
Move2 = -1341.163818
Move3 = 23.133304
Move4 = 1.899999
Move5 = 0.000000
Move6 = 90.330169
