Owner = Daria
Model = 980
For = 2
OrgID = -1
Speed = 2.000000
Radius = 8.000000
Time = 7000
Pos1 = 664.956848
Pos2 = -1310.435058
Pos3 = 15.310941
Pos4 = 0.000000
Pos5 = 0.000000
Pos6 = -178.112060
Interior = 0
World = 0
Move1 = 664.956848
Move2 = -1310.435058
Move3 = 9.450942
Move4 = 0.000000
Move5 = 0.000000
Move6 = -178.112060
