Owner = Dimi
Model = 980
For = 2
OrgID = -1
Speed = 2.000000
Radius = 8.000000
Time = 7000
Pos1 = 659.796630
Pos2 = -1227.309204
Pos3 = 17.536436
Pos4 = 0.000000
Pos5 = 0.000000
Pos6 = 63.190498
Interior = 0
World = 0
Move1 = 659.796630
Move2 = -1227.309204
Move3 = 17.536436
Move4 = 0.000000
Move5 = 0.000000
Move6 = 63.190498
