Owner = 
Model = 980
For = 1
OrgID = 9
Speed = 7.000000
Radius = 8.000000
Time = 10000
Pos1 = 2906.418457
Pos2 = -705.785949
Pos3 = 12.689878
Pos4 = 0.000000
Pos5 = 0.000000
Pos6 = 90.693168
Interior = 0
World = 0
Move1 = 2906.418457
Move2 = -705.785949
Move3 = 4.379872
Move4 = 0.000000
Move5 = 0.000000
Move6 = 90.693168
