Owner = 
Model = 980
For = 1
OrgID = 8
Speed = 2.000000
Radius = 8.000000
Time = 7000
Pos1 = 1683.151977
Pos2 = 115.463546
Pos3 = 32.054664
Pos4 = 0.000000
Pos5 = 0.000000
Pos6 = 165.174682
Interior = 0
World = 0
Move1 = 1683.151977
Move2 = 115.463546
Move3 = 27.424665
Move4 = 0.000000
Move5 = 0.000000
Move6 = 165.174682
