Owner = 
Model = 980
For = 1
OrgID = 6
Speed = 6.000000
Radius = 8.000000
Time = 6000
Pos1 = 211.064178
Pos2 = -1350.341186
Pos3 = 52.301582
Pos4 = 0.000000
Pos5 = 0.000000
Pos6 = 41.145446
Interior = 0
World = 0
Move1 = 211.064178
Move2 = -1350.341186
Move3 = 45.291648
Move4 = 0.000000
Move5 = 0.000000
Move6 = 41.145446
