Owner = Dimi
Model = 18981
For = 2
OrgID = -1
Speed = 2.000000
Radius = 8.000000
Time = 7000
Pos1 = 673.314453
Pos2 = -1213.892700
Pos3 = 11.333341
Pos4 = 0.000000
Pos5 = 0.000000
Pos6 = -49.253402
Interior = 0
World = 0
Move1 = 673.314453
Move2 = -1213.892700
Move3 = 11.333341
Move4 = 0.000000
Move5 = 0.000000
Move6 = -49.253402
