atmPos1 = 1286.812622
atmPos2 = -1348.095947
atmPos3 = 13.174612
atmPos4 = 1.399999
atmPos5 = 0.000000
atmPos6 = -91.135490
atmPreseceneZice = false
atmProbijenBios = true
atmVremeDoRoba = 120
atmExists = true
