atmPos1 = 1445.534790
atmPos2 = -1270.385375
atmPos3 = 13.166872
atmPos4 = 0.000000
atmPos5 = 0.000000
atmPos6 = 96.869644
atmPreseceneZice = false
atmProbijenBios = true
atmVremeDoRoba = 120
atmExists = true
