atmPos1 = 2105.466552
atmPos2 = -1808.913085
atmPos3 = 13.087817
atmPos4 = -4.399999
atmPos5 = 0.000000
atmPos6 = -90.895538
atmPreseceneZice = false
atmProbijenBios = false
atmVremeDoRoba = 60
atmExists = true
