atmPos1 = 1488.896972
atmPos2 = -1785.982299
atmPos3 = 22.363967
atmPos4 = 0.000000
atmPos5 = 0.000000
atmPos6 = 180.301315
atmPreseceneZice = false
atmProbijenBios = false
atmVremeDoRoba = 60
atmExists = true
