atmPos1 = 1190.367065
atmPos2 = -929.206054
atmPos3 = 42.634197
atmPos4 = 0.000000
atmPos5 = 0.000000
atmPos6 = 6.423058
atmPreseceneZice = false
atmProbijenBios = true
atmVremeDoRoba = 60
atmExists = true
