atmPos1 = 1225.710937
atmPos2 = -1811.670288
atmPos3 = 16.172292
atmPos4 = 0.000000
atmPos5 = 0.000000
atmPos6 = 5.939239
atmPreseceneZice = false
atmProbijenBios = true
atmVremeDoRoba = 120
atmExists = true
