atmPos1 = 1727.436279
atmPos2 = -1259.317504
atmPos3 = 13.136857
atmPos4 = 0.000000
atmPos5 = 0.000000
atmPos6 = 319.702941
atmPreseceneZice = false
atmProbijenBios = true
atmVremeDoRoba = 120
atmExists = true
