atmPos1 = 1229.010375
atmPos2 = -1695.432373
atmPos3 = 13.106863
atmPos4 = 0.000000
atmPos5 = 0.000000
atmPos6 = 1.512889
atmPreseceneZice = false
atmProbijenBios = true
atmVremeDoRoba = 60
atmExists = true
