atmPos1 = 987.609191
atmPos2 = -1338.043823
atmPos3 = 13.102803
atmPos4 = 0.000000
atmPos5 = 0.000000
atmPos6 = 93.638885
atmPreseceneZice = false
atmProbijenBios = false
atmVremeDoRoba = 60
atmExists = true
