atmPos1 = 2258.574951
atmPos2 = -1669.845336
atmPos3 = 15.049880
atmPos4 = 0.000000
atmPos5 = 0.000000
atmPos6 = 173.965332
atmPreseceneZice = false
atmProbijenBios = true
atmVremeDoRoba = 60
atmExists = true
