atmPos1 = 1800.938598
atmPos2 = -1166.376953
atmPos3 = 23.478115
atmPos4 = 0.000000
atmPos5 = 0.000000
atmPos6 = 344.068695
atmPreseceneZice = false
atmProbijenBios = true
atmVremeDoRoba = 0
atmExists = true
