Vlasnik = Mamba_Coler
PosX = 1607.864013
PosY = -1560.859130
PosZ = 14.179201
BrojAuta = 1
BrojDelova = 4
Model1 = 506
Model2 = 0
Popravka1 = 4
Popravka2 = 0
BrojRadnika = 2
