Vlasnik = KLOFANDER
PosX = 823.480285
PosY = -1551.230590
PosZ = 13.519393
BrojAuta = 0
BrojDelova = 8
Model1 = 0
Model2 = 0
Popravka1 = 0
Popravka2 = 0
BrojRadnika = 2
