Vlasnik = Dizel_Bonucci
PosX = 2249.335205
PosY = -1980.596069
PosZ = 13.549242
BrojAuta = 2
BrojDelova = 6
Model1 = 506
Model2 = 506
Popravka1 = 0
Popravka2 = 0
BrojRadnika = 2
