Vlasnik = Sajo.
PosX = 1988.945434
PosY = -1081.482910
PosZ = 24.738376
BrojAuta = 1
BrojDelova = 2
Model1 = 506
Model2 = 0
Popravka1 = 4
Popravka2 = 0
BrojRadnika = 2
