Vlasnik = B3SkE
PosX = 1581.855834
PosY = -1414.470581
PosZ = 13.579544
BrojAuta = 2
BrojDelova = 12
Model1 = 506
Model2 = 506
Popravka1 = 4
Popravka2 = 4
BrojRadnika = 2
