Vlasnik = John_Fenix
PosX = 2286.401367
PosY = -1980.340087
PosZ = 13.569684
BrojAuta = 2
BrojDelova = 8
Model1 = 506
Model2 = 506
Popravka1 = 0
Popravka2 = 0
BrojRadnika = 2
