Vlasnik = Stefan_Todorovice
PosX = 2025.182250
PosY = -1306.527221
PosZ = 20.889263
BrojAuta = 2
BrojDelova = 4
Model1 = 451
Model2 = 451
Popravka1 = 4
Popravka2 = 4
BrojRadnika = 2
