Vlasnik = V01D
PosX = 814.844299
PosY = -1551.454833
PosZ = 13.552616
BrojAuta = 0
BrojDelova = 0
Model1 = 0
Model2 = 0
Popravka1 = 0
Popravka2 = 0
BrojRadnika = 0
