Vlasnik = Petar_Mance
PosX = 1636.591308
PosY = -1521.494140
PosZ = 13.598352
BrojAuta = 0
BrojDelova = 10
Model1 = 0
Model2 = 0
Popravka1 = 0
Popravka2 = 0
BrojRadnika = 2
