Vlasnik = Yavuz_Karasu
PosX = 1597.994018
PosY = -1560.853027
PosZ = 14.169769
BrojAuta = 2
BrojDelova = 11
Model1 = 451
Model2 = 451
Popravka1 = 4
Popravka2 = 4
BrojRadnika = 2
