Vlasnik = Emin_Delibasic
PosX = 2267.758300
PosY = -1980.551757
PosZ = 13.560583
BrojAuta = 1
BrojDelova = 0
Model1 = 506
Model2 = 0
Popravka1 = 4
Popravka2 = 0
BrojRadnika = 1
