Vlasnik = Srecko_Krecar
PosX = 2034.793334
PosY = -1284.842163
PosZ = 20.960083
BrojAuta = 2
BrojDelova = 2
Model1 = 506
Model2 = 506
Popravka1 = 4
Popravka2 = 4
BrojRadnika = 2
