Vlasnik = Ruski
PosX = 837.301208
PosY = -1550.890625
PosZ = 13.480631
BrojAuta = 2
BrojDelova = 6
Model1 = 506
Model2 = 506
Popravka1 = 0
Popravka2 = 0
BrojRadnika = 2
