Vlasnik = Mario_Lavowski
PosX = 2078.254882
PosY = -2046.951171
PosZ = 13.546875
BrojAuta = 2
BrojDelova = 0
Model1 = 506
Model2 = 506
Popravka1 = 4
Popravka2 = 4
BrojRadnika = 2
