Vlasnik = Ermin_Bonucci
PosX = 2079.454345
PosY = -2007.217529
PosZ = 13.546875
BrojAuta = 2
BrojDelova = 8
Model1 = 506
Model2 = 506
Popravka1 = 4
Popravka2 = 4
BrojRadnika = 2
