Vlasnik = CORLEONE
PosX = 2452.957031
PosY = -1511.762084
PosZ = 24.000000
BrojAuta = 0
BrojDelova = 10
Model1 = 0
Model2 = 0
Popravka1 = 0
Popravka2 = 0
BrojRadnika = 2
