Vlasnik = Dylan
PosX = 2034.477172
PosY = -1290.086303
PosZ = 20.945610
BrojAuta = 0
BrojDelova = 5
Model1 = 0
Model2 = 0
Popravka1 = 0
Popravka2 = 0
BrojRadnika = 2
