Vlasnik = Djordje_Milojkovic
PosX = 2034.511108
PosY = -1300.103515
PosZ = 20.918743
BrojAuta = 2
BrojDelova = 10
Model1 = 506
Model2 = 506
Popravka1 = 0
Popravka2 = 0
BrojRadnika = 2
