Vlasnik = Pablo_Depresso
PosX = 2078.942871
PosY = -2033.663940
PosZ = 13.546875
BrojAuta = 0
BrojDelova = 10
Model1 = 0
Model2 = 0
Popravka1 = 0
Popravka2 = 0
BrojRadnika = 2
