Vlasnik = Krle_Zemunac
PosX = 2459.677001
PosY = -1511.776123
PosZ = 24.000000
BrojAuta = 1
BrojDelova = 8
Model1 = 506
Model2 = 0
Popravka1 = 4
Popravka2 = 0
BrojRadnika = 2
