Vlasnik = Marko_Bonucci
PosX = 2536.937744
PosY = -1495.487060
PosZ = 24.029169
BrojAuta = 0
BrojDelova = 0
Model1 = 0
Model2 = 0
Popravka1 = 0
Popravka2 = 0
BrojRadnika = 2
