Vlasnik = Chev_Chelios
PosX = 1643.545654
PosY = -1521.078613
PosZ = 13.558835
BrojAuta = 0
BrojDelova = 2
Model1 = 0
Model2 = 0
Popravka1 = 0
Popravka2 = 0
BrojRadnika = 2
