Vlasnik = Leonardo_Izvincu
PosX = 2078.710205
PosY = -2020.334228
PosZ = 13.546875
BrojAuta = 2
BrojDelova = 5
Model1 = 451
Model2 = 451
Popravka1 = 4
Popravka2 = 4
BrojRadnika = 2
