Vlasnik = Haris_Jones
PosX = 2034.561645
PosY = -1294.934814
PosZ = 20.932691
BrojAuta = 2
BrojDelova = 2
Model1 = 506
Model2 = 506
Popravka1 = 4
Popravka2 = 4
BrojRadnika = 2
