Vlasnik = Mike_Tyson
PosX = 1618.020996
PosY = -1560.630493
PosZ = 14.167903
BrojAuta = 2
BrojDelova = 10
Model1 = 451
Model2 = 451
Popravka1 = 4
Popravka2 = 4
BrojRadnika = 2
