Vlasnik = Rey_Stinson
PosX = 2034.724365
PosY = -1305.256958
PosZ = 20.903787
BrojAuta = 2
BrojDelova = 1
Model1 = 506
Model2 = 506
Popravka1 = 0
Popravka2 = 0
BrojRadnika = 2
