X = 2778.364013
Y = -2404.000488
Z = 13.647278
Model1 = 452
Model2 = 522
Model3 = 525
Model4 = 405
Kolicina1 = 2
Kolicina2 = 2
Kolicina3 = 3
Kolicina4 = 2
OrgID = 2
SpawnX = 0.000000
SpawnY = 0.000000
SpawnZ = 0.000000
