portIme = Banka
portPosX = 1434.856079
portPosY = -1040.430786
portPosZ = 23.828125
portVrsta = 1
