portIme = NekiPosaotest
portPosX = 2752.298583
portPosY = -2431.405761
portPosZ = 13.648437
portVrsta = 2
