portIme = Astronaut
portPosX = 210.689147
portPosY = 1818.795532
portPosZ = 17.623704
portVrsta = 2
