X = 2340.916503
Y = -1756.371093
Z = 13.546875
