X = 1815.932983
Y = -2083.004394
Z = 13.539081
