X = 2347.767333
Y = -1741.852050
Z = 13.546875
